01048000  -69.9392   44.7072    514.  1.58  0.46  0.85
01055500  -70.2303   44.2694    169.  1.65  0.48  0.86
01060000  -70.1792   43.7992    141.  1.62  0.47  0.85
01064500  -71.0914   43.9908    385.  1.93  0.53  0.90
01076500  -71.6861   43.7592    622.  1.48  0.44  0.83
01127000  -71.9850   41.5980    713.  1.60  0.47  0.85
01138000  -71.9860   44.1540    395.  1.52  0.45  0.84
01197500  -73.3550   42.2320    282.  1.57  0.46  0.85
01200000  -73.5290   41.6590    203.  1.48  0.44  0.83
01321000  -74.2708   43.3528    491.  1.88  0.53  0.88
01329000  -73.1572   43.0772    152.  1.47  0.44  0.83
01329500  -73.4319   43.1014    394.  1.45  0.43  0.82
01334500  -73.3775   42.9386    510.  1.46  0.43  0.83
01348000  -74.7411   43.0167    289.  1.72  0.50  0.86
01361000  -73.7444   42.3306    329.  1.39  0.42  0.81
01371500  -74.1660   41.6860    711.  1.51  0.45  0.83
01372500  -73.8731   41.6531    181.  1.58  0.46  0.85
01421000  -75.1744   41.9731    784.  1.58  0.46  0.85
01423000  -75.1403   42.1661    332.  1.49  0.44  0.83
01426500  -75.3839   42.0031    595.  1.47  0.44  0.83
01445000  -74.7767   40.9811     31.  1.52  0.45  0.84
01445500  -74.9786   40.8306    106.  1.50  0.45  0.83
01500500  -75.3170   42.3210    982.  1.43  0.43  0.82
01503000  -75.8033   42.0353   2232.  1.45  0.43  0.82
01512500  -75.8486   42.2181   1483.  1.36  0.41  0.81
01514000  -76.2708   42.1292    185.  1.34  0.40  0.80
01518000  -77.1297   41.9083    282.  1.37  0.41  0.81
01520000  -77.1403   41.9967    298.  1.37  0.41  0.81
01520500  -77.1325   42.0286    771.  1.38  0.41  0.81
01531000  -76.6350   42.0022   2506.  1.34  0.40  0.80
01534000  -75.8950   41.5583    383.  1.32  0.40  0.80
01541000  -78.6772   40.8969    315.  1.58  0.47  0.85
01541500  -78.4061   40.9717    371.  1.57  0.46  0.84
01543500  -78.1033   41.3172    685.  1.56  0.46  0.84
01548500  -77.4478   41.5217    604.  1.47  0.44  0.83
01556000  -78.2000   40.4631    291.  1.60  0.47  0.85
01558000  -78.1408   40.6125    220.  1.47  0.44  0.83
01559000  -78.0190   40.4850    816.  1.50  0.44  0.83
01560000  -78.4928   40.0717    172.  1.49  0.44  0.83
01562000  -78.2656   40.2158    756.  1.42  0.42  0.82
01567000  -77.1294   40.4783   3354.  1.35  0.40  0.81
01574000  -76.7203   40.0822    510.  1.19  0.35  0.76
01595000  -79.3072   39.3019     73.  1.81  0.52  0.88
01606500  -79.1760   38.9910    642.  1.74  0.50  0.87
01608500  -78.6544   39.4469   1471.  1.64  0.47  0.86
01610000  -78.4578   39.5369   3109.  1.60  0.46  0.86
01611500  -78.3094   39.5786    677.  1.20  0.36  0.77
01628500  -78.7550   38.3220   1084.  1.32  0.39  0.80
01631000  -78.2111   38.9139   1642.  1.26  0.38  0.78
01634000  -78.3364   38.9767    768.  1.23  0.37  0.78
01643000  -77.3800   39.3880    817.  1.15  0.34  0.76
01649500  -76.9260   38.9600     73.  1.12  0.33  0.74
01663500  -77.9653   38.5917    287.  1.15  0.34  0.76
01664000  -77.8139   38.5306    620.  1.16  0.35  0.76
01667500  -77.9753   38.3503    472.  1.20  0.36  0.77
01668000  -77.5181   38.3222   1596.  1.20  0.36  0.77
01672500  -77.5490   37.7970    394.  1.17  0.35  0.76
01674500  -77.1630   37.8880    601.  1.16  0.35  0.76
02016000  -79.7597   37.7917    461.  1.49  0.44  0.83
02018000  -79.9117   37.6658    329.  1.29  0.39  0.79
02030500  -78.3778   37.7028    226.  1.24  0.37  0.78
02055000  -79.9389   37.2583    395.  1.21  0.36  0.77
02058400  -79.5250   36.9458    350.  1.47  0.44  0.83
02083500  -77.5333   35.8939   2183.  1.18  0.35  0.76
02102000  -79.1161   35.6272   1434.  1.24  0.37  0.78
02116500  -80.3861   35.8567   2280.  1.59  0.47  0.85
02118000  -80.6590   35.8450    306.  1.47  0.44  0.83
02121000  -80.3972   35.7250   3470.  1.50  0.44  0.84
02126000  -80.1758   35.1483   1372.  1.24  0.37  0.78
02135000  -79.2472   34.0569   2790.  1.14  0.34  0.75
02138500  -81.8903   35.7947     67.  1.77  0.51  0.87
02143000  -81.4030   35.6840     83.  1.58  0.46  0.85
02143040  -81.5672   35.5906     26.  1.63  0.48  0.85
02143500  -81.2644   35.4222     69.  1.48  0.44  0.83
02156500  -81.4222   34.5961   2790.  1.58  0.46  0.86
02165000  -82.1764   34.4444    236.  1.38  0.41  0.81
02174000  -80.8014   33.1764   1720.  1.13  0.34  0.75
02192000  -82.7700   33.9742   1430.  1.40  0.42  0.82
02202000  -81.8794   32.7106   1940.  1.11  0.33  0.74
02202500  -81.4161   32.1914   2650.  1.10  0.33  0.74
02217500  -83.4228   33.9467    398.  1.50  0.44  0.83
02218500  -83.2728   33.5811   1090.  1.37  0.41  0.81
02219500  -83.3494   33.6086    436.  1.32  0.40  0.80
02228000  -81.8675   31.2211   2790.  1.12  0.33  0.75
02236000  -81.3828   29.0081   3066.  1.03  0.30  0.72
02273000  -80.9628   27.2256   2886.  1.03  0.30  0.72
02296750  -81.8761   27.2219   1367.  1.07  0.32  0.73
02329000  -84.3842   30.5539   1140.  1.29  0.39  0.79
02339500  -85.1822   32.8861   3550.  1.48  0.44  0.83
02347500  -84.2325   32.7214   1850.  1.31  0.39  0.79
02349500  -84.0439   32.2981   2900.  1.26  0.38  0.78
02365500  -85.8280   30.7760   3499.  1.42  0.42  0.82
02375500  -87.2342   30.9650   3817.  1.46  0.43  0.82
02383500  -84.8331   34.5642    831.  1.55  0.46  0.84
02387000  -84.9280   34.6670    687.  1.55  0.46  0.84
02387500  -84.9414   34.5783   1602.  1.53  0.45  0.84
02414500  -85.5608   33.1167   1675.  1.47  0.44  0.83
02437000  -88.5508   33.9853   1928.  1.36  0.41  0.81
02448000  -88.5611   33.1022    768.  1.38  0.41  0.81
02456500  -86.9833   33.7097    885.  1.47  0.44  0.83
02472000  -89.4070   31.7070    743.  1.41  0.42  0.82
02475000  -88.8080   31.1030   3495.  1.45  0.43  0.82
02475500  -88.9097   32.3264    369.  1.41  0.42  0.82
02478500  -88.5480   31.1480   2690.  1.42  0.42  0.82
02479300  -88.7806   30.7361    441.  1.48  0.44  0.83
02482000  -89.3350   32.7980    904.  1.36  0.41  0.81
02486000  -90.1786   32.2817   3171.  1.34  0.40  0.80
02492000  -89.8972   30.6292   1213.  1.52  0.45  0.84
03010500  -78.3864   41.9633    550.  1.60  0.47  0.85
03011020  -78.7156   42.1564   1608.  1.57  0.46  0.84
03020500  -79.6956   41.4817    300.  1.51  0.45  0.83
03024000  -79.9561   41.4375   1028.  1.37  0.41  0.81
03032500  -79.3944   40.9944    528.  1.52  0.45  0.84
03050500  -79.8790   38.9250    272.  1.96  0.54  0.89
03051000  -79.9361   39.0292    408.  1.91  0.53  0.89
03054500  -80.0400   39.1500    916.  1.76  0.50  0.87
03065000  -79.6220   39.0720    345.  1.82  0.52  0.88
03069000  -79.6780   39.0960    214.  1.93  0.54  0.89
03069500  -79.6806   39.1222    718.  1.87  0.53  0.89
03070000  -79.6660   39.3470    937.  1.85  0.52  0.88
03075500  -79.4256   39.4219    134.  1.74  0.50  0.87
03079000  -79.2278   39.8597    382.  1.60  0.47  0.85
03109500  -80.5408   40.6758    496.  1.22  0.37  0.77
03111500  -80.7340   40.1930    123.  1.24  0.37  0.78
03114500  -80.9972   39.4750    458.  1.46  0.43  0.83
03136000  -82.1956   40.5147    948.  1.15  0.34  0.75
03155500  -81.2780   39.1190    452.  1.43  0.43  0.82
03159500  -82.0878   39.3289    943.  1.23  0.37  0.77
03161000  -81.4072   36.3931    205.  1.75  0.50  0.87
03164000  -80.9792   36.6472   1131.  1.70  0.49  0.86
03165500  -80.9530   36.8350   1340.  1.68  0.49  0.86
03167000  -80.8869   36.9394    247.  1.47  0.44  0.83
03168000  -80.7460   36.9370   2202.  1.63  0.48  0.86
03173000  -80.7097   37.2681    305.  1.40  0.42  0.81
03175500  -80.8500   37.3056    223.  1.45  0.43  0.82
03179000  -81.0106   37.5439    394.  1.50  0.45  0.83
03180500  -79.8333   38.5436    133.  2.03  0.56  0.90
03182500  -80.1308   38.1858    540.  1.82  0.52  0.88
03183500  -80.6417   37.7242   1364.  1.63  0.48  0.86
03184000  -80.8050   37.6400   1619.  1.61  0.47  0.85
03186500  -80.4842   38.3789    128.  1.88  0.53  0.88
03198500  -81.7117   38.1797    391.  1.63  0.48  0.85
03199000  -81.8360   38.0800    269.  1.61  0.47  0.85
03213000  -81.8440   37.4860    504.  1.54  0.45  0.84
03214000  -82.3890   37.8180   1188.  1.54  0.45  0.84
03237500  -83.4211   38.8036    387.  1.33  0.40  0.80
03238500  -83.9290   38.8580    218.  1.32  0.39  0.80
03251500  -84.2670   38.5980   2326.  1.42  0.42  0.82
03252500  -84.3031   38.3908    621.  1.36  0.41  0.81
03253500  -84.3108   38.7103   3300.  1.41  0.42  0.82
03265000  -84.3561   40.0578    503.  1.13  0.34  0.75
03266000  -84.2825   39.8694    650.  1.15  0.34  0.76
03269500  -83.8703   39.9231    490.  1.12  0.33  0.75
03274000  -84.5722   39.3911   3630.  1.17  0.35  0.76
03281500  -83.6772   37.4792    722.  1.53  0.45  0.84
03289500  -84.8150   38.2690    402.  1.35  0.40  0.80
03301500  -85.7039   37.7672   1299.  1.43  0.43  0.82
03303000  -86.2280   38.2370    284.  1.33  0.40  0.80
03308500  -85.8861   37.2681   1673.  1.48  0.44  0.83
03324300  -85.4536   40.7125    425.  1.12  0.33  0.75
03326500  -85.6594   40.5761    682.  1.13  0.34  0.75
03328500  -86.2639   40.7819    789.  1.09  0.32  0.74
03331500  -86.5640   41.1570    856.  1.09  0.32  0.74
03339500  -86.8994   40.0489    509.  1.13  0.34  0.75
03345500  -88.0194   38.9361   1516.  1.04  0.31  0.72
03346000  -87.9464   39.0103    318.  1.07  0.32  0.73
03348000  -85.6720   40.1060    406.  1.14  0.34  0.75
03349000  -86.0170   40.0470    858.  1.15  0.34  0.75
03361500  -85.7820   39.5290    421.  1.19  0.36  0.77
03361650  -85.8856   39.7142     94.  1.17  0.35  0.76
03362500  -85.9975   39.3608    474.  1.21  0.36  0.77
03363000  -85.9860   39.3390   1060.  1.20  0.36  0.77
03364000  -85.9256   39.2000   1707.  1.21  0.36  0.77
03365500  -85.8990   38.9830   2341.  1.23  0.37  0.78
03381500  -88.1597   38.0611   3102.  1.04  0.31  0.72
03410500  -84.5330   36.6270    954.  1.70  0.49  0.86
03438000  -87.7217   36.7778    244.  1.30  0.39  0.79
03443000  -82.6240   35.2990    296.  2.68  0.64  0.97
03448000  -82.5925   35.5019    676.  2.45  0.61  0.96
03451500  -82.5786   35.6092    945.  2.34  0.59  0.96
03455000  -83.1610   35.9820   1858.  2.14  0.56  0.93
03465500  -82.4575   36.1764    805.  1.55  0.46  0.84
03470000  -83.5780   35.8780    353.  1.58  0.46  0.85
03473000  -81.8442   36.6517    301.  1.55  0.46  0.84
03490000  -82.5680   36.6090    672.  1.56  0.46  0.84
03504000  -83.6192   35.1269     52.  2.08  0.57  0.90
03512000  -83.3536   35.4614    184.  1.94  0.54  0.89
03521500  -81.7810   37.0860    137.  1.53  0.45  0.84
03524000  -82.1550   36.9447    528.  1.54  0.45  0.84
03528000  -83.3983   36.4250   1474.  1.61  0.47  0.85
03531500  -83.0950   36.6620    319.  1.71  0.50  0.86
03532000  -83.6303   36.5417    685.  1.75  0.50  0.87
03540500  -84.5581   35.9831    764.  1.72  0.50  0.87
03550000  -83.9806   35.1389    104.  1.92  0.54  0.89
03567500  -85.2070   35.0140    428.  1.63  0.48  0.85
03574500  -86.3064   34.6242    320.  1.53  0.45  0.84
03603000  -87.7431   35.9300   2557.  1.48  0.44  0.83
04073500  -88.9522   43.9539   1340.  0.90  0.26  0.67
04079000  -88.7403   44.3922   2260.  1.05  0.31  0.72
04100500  -85.8486   41.5933    594.  1.08  0.32  0.73
04113000  -84.5550   42.7510   1230.  1.03  0.30  0.72
04115000  -84.6930   43.1100    434.  1.05  0.31  0.72
04144000  -83.9460   42.8240    368.  0.98  0.29  0.70
04164000  -82.9500   42.5780    444.  0.98  0.28  0.70
04165500  -82.9100   42.5960    734.  0.98  0.29  0.70
04176500  -83.5310   41.9610   1042.  1.05  0.31  0.72
04178000  -84.8020   41.3860    610.  1.04  0.31  0.72
04183500  -84.7444   41.1989   2129.  1.06  0.31  0.73
04185000  -84.4300   41.5040    410.  1.05  0.31  0.72
04191500  -84.3992   41.2375   2310.  1.04  0.31  0.72
04198000  -83.1589   41.3078   1251.  1.05  0.31  0.72
04201500  -81.8872   41.4067    267.  1.11  0.33  0.74
04212000  -81.0467   41.7406    581.  1.25  0.38  0.78
04221000  -77.9575   42.1222    288.  1.38  0.41  0.81
04221500  -77.9806   42.1639    308.  1.38  0.41  0.81
04223000  -78.0425   42.5703    984.  1.49  0.44  0.83
05053000  -96.7833   46.4681   2080.  0.51  0.11  0.45
05244000  -94.8789   46.6403   1010.  0.77  0.21  0.61
05280000  -93.7339   45.0867   2520.  0.71  0.19  0.58
05320500  -94.0411   44.1111   1110.  0.79  0.22  0.62
05383000  -91.1181   43.9014    398.  0.90  0.26  0.67
05408000  -90.6431   43.5742    266.  0.88  0.25  0.66
05410490  -90.8583   43.1828    687.  0.85  0.24  0.65
05410500  -90.8740   43.1910    690.  0.85  0.24  0.65
05412500  -91.2617   42.7400   1545.  0.89  0.25  0.66
05418500  -90.6344   42.0847   1553.  0.88  0.25  0.66
05422000  -90.5347   41.7669   2330.  0.89  0.25  0.66
05430500  -89.0706   42.6092   3340.  0.89  0.25  0.67
05435500  -89.6158   42.3036   1326.  0.88  0.25  0.66
05440000  -88.9986   42.1958   1099.  0.96  0.28  0.69
05447500  -90.1583   41.4889   1003.  0.92  0.26  0.68
05451500  -92.9075   42.0658   1564.  0.84  0.23  0.64
05452000  -92.3130   41.9640    201.  0.89  0.25  0.66
05454500  -91.5408   41.6567   3271.  0.85  0.24  0.65
05455500  -91.7156   41.4664    573.  0.89  0.25  0.67
05457700  -92.6731   43.0625   1054.  0.84  0.24  0.64
05458500  -92.4650   42.6483   1661.  0.85  0.24  0.65
05462000  -92.5958   42.6528   1746.  0.83  0.23  0.64
05471500  -92.6590   41.3550   1635.  0.84  0.24  0.65
05472500  -92.2044   41.3008    730.  0.87  0.25  0.66
05476500  -94.8439   43.3975   1372.  0.67  0.17  0.55
05479000  -94.1917   42.7239   1308.  0.76  0.20  0.60
05481000  -93.8033   42.4336    844.  0.82  0.23  0.63
05482500  -94.3767   41.9881   1619.  0.77  0.21  0.61
05484500  -93.9497   41.5339   3441.  0.80  0.22  0.62
05502040  -91.1490   39.6930     73.  1.02  0.30  0.72
05507500  -91.6720   39.5400   2230.  1.00  0.29  0.71
05508000  -91.4080   39.6120   2480.  1.00  0.29  0.71
05514500  -90.9833   39.0164    903.  1.03  0.30  0.72
05515500  -86.7010   41.4000    400.  1.11  0.33  0.74
05517000  -86.6210   41.3030    384.  1.09  0.33  0.74
05517500  -86.9640   41.2210   1160.  1.09  0.32  0.74
05518000  -87.3430   41.1830   1578.  1.09  0.32  0.74
05520500  -87.6686   41.1600   2294.  1.08  0.32  0.73
05526000  -87.8242   41.0089   2091.  1.03  0.30  0.72
05542000  -88.3597   41.2861    455.  1.00  0.29  0.71
05546500  -88.1792   42.5111    868.  0.94  0.27  0.69
05552500  -88.7910   41.3870   2642.  0.97  0.28  0.70
05554500  -88.6360   40.8780    579.  0.99  0.29  0.70
05555300  -88.9308   41.2083   1251.  0.98  0.29  0.70
05555500  -89.0122   41.2553   1278.  0.98  0.29  0.70
05569500  -90.2814   40.7089   1072.  0.92  0.26  0.68
05570000  -90.3428   40.4856   1636.  0.93  0.27  0.68
05582000  -89.7360   40.1340   1804.  0.95  0.28  0.69
05584500  -90.8990   40.3290    655.  0.97  0.28  0.70
05585000  -90.6319   40.0253   1293.  0.99  0.29  0.70
05592500  -89.0889   38.9597   1940.  0.99  0.29  0.70
05593000  -89.3561   38.6117   2719.  0.99  0.29  0.70
05594000  -89.4940   38.6100    735.  0.98  0.29  0.70
06191500 -110.7936   45.1119   2623.  1.38  0.40  0.83
06192500 -110.5653   45.5972   3551.  1.31  0.38  0.81
06225500 -109.0100   43.2420   1891.  0.77  0.21  0.61
06334500 -103.9731   45.5469   1970.  0.37  0.06  0.35
06340500 -101.6217   47.2853   2240.  0.42  0.08  0.39
06359500 -102.1561   45.1978   2660.  0.39  0.07  0.36
06426500 -104.9764   44.2956   1643.  0.34  0.05  0.32
06441500 -100.3839   44.3267   3107.  0.35  0.06  0.33
06446000 -102.8247   43.2547   2200.  0.35  0.06  0.33
06454500 -103.1708   42.4597   1400.  0.32  0.05  0.30
06480000  -96.7486   44.1800   3898.  0.51  0.11  0.46
06600500  -96.3119   42.5767    886.  0.64  0.16  0.54
06606600  -95.7969   42.4722   2500.  0.69  0.18  0.57
06607200  -95.8080   42.1580    669.  0.70  0.18  0.57
06609500  -95.7820   41.6420    871.  0.74  0.20  0.59
06799500  -96.5210   41.7140   1030.  0.60  0.14  0.51
06808500  -95.5800   40.8731   1326.  0.75  0.20  0.60
06810000  -95.6256   40.6325   2806.  0.77  0.21  0.61
06811500  -95.8128   40.3925    793.  0.69  0.18  0.57
06813000  -95.4089   40.3389    508.  0.79  0.22  0.62
06815000  -95.5920   40.0330   1340.  0.69  0.18  0.57
06817000  -95.0130   40.7390    762.  0.84  0.23  0.64
06817500  -95.0886   40.4450   1240.  0.84  0.23  0.64
06820500  -94.7030   39.6890   1760.  0.84  0.23  0.64
06847000  -99.8930   40.1200   1650.  0.34  0.05  0.33
06860000 -100.8550   38.7920   3555.  0.28  0.04  0.27
06868000  -98.5333   38.9333   1900.  0.35  0.06  0.33
06869500  -97.8739   39.0042   2820.  0.37  0.06  0.35
06883000  -98.0667   40.3328    979.  0.50  0.11  0.45
06884400  -96.8581   39.7758   3324.  0.53  0.12  0.47
06884500  -96.8611   39.7778   3509.  0.53  0.12  0.47
06885500  -96.4375   39.6842    410.  0.68  0.17  0.56
06888500  -96.1811   39.0622    316.  0.69  0.18  0.57
06890500  -95.4544   39.3508    922.  0.77  0.21  0.61
06892000  -95.0108   39.1164    406.  0.82  0.23  0.64
06894000  -94.3003   39.1006    184.  0.89  0.25  0.66
06897500  -93.9425   39.9269   2250.  0.85  0.24  0.65
06898000  -93.8081   40.6403    701.  0.88  0.25  0.66
06899500  -93.6442   40.0794   1670.  0.87  0.25  0.66
06908000  -93.1967   38.9922   1120.  0.93  0.27  0.68
06913500  -95.2569   38.6167   1250.  0.73  0.19  0.59
06914000  -95.2486   38.3336    334.  0.79  0.21  0.62
06928000  -92.4517   37.7592   1250.  1.08  0.32  0.73
06933500  -91.9772   37.9297   2840.  1.09  0.32  0.74
07019000  -90.5917   38.5056   3788.  1.10  0.33  0.74
07029500  -88.9767   35.2753   1480.  1.34  0.40  0.80
07049000  -93.8556   36.2006    263.  1.16  0.35  0.76
07052500  -93.4610   36.8050    987.  1.06  0.31  0.73
07056000  -92.7456   35.9839    829.  1.28  0.38  0.79
07057500  -92.2481   36.6228    561.  1.13  0.34  0.75
07058000  -92.3040   36.6260    570.  1.13  0.34  0.75
07067000  -91.0147   36.9914   1667.  1.15  0.34  0.75
07068000  -90.8475   36.6219   2038.  1.16  0.35  0.76
07069500  -91.1719   36.2053   1183.  1.18  0.35  0.76
07072000  -91.1133   36.3467   1134.  1.17  0.35  0.76
07074000  -91.4497   36.1103    473.  1.23  0.37  0.78
07144200  -97.3878   37.8322   1327.  0.51  0.11  0.45
07144780  -97.9358   37.8447    787.  0.42  0.08  0.39
07147070  -97.0125   37.7958    426.  0.60  0.14  0.52
07147800  -96.9944   37.2242   1880.  0.60  0.14  0.52
07152000  -97.2770   36.8110   1859.  0.47  0.10  0.43
07163000  -96.8680   36.1160     31.  0.65  0.16  0.54
07172000  -96.3150   37.0036    445.  0.67  0.17  0.55
07177500  -95.9540   36.2780    905.  0.71  0.18  0.58
07183000  -95.4306   37.8908   3818.  0.64  0.16  0.54
07186000  -94.5661   37.2456   1164.  0.96  0.28  0.69
07196500  -94.9208   35.9214    959.  0.98  0.29  0.70
07197000  -94.8383   35.9211    307.  1.01  0.30  0.71
07211500 -104.4933   36.2969   2850.  0.44  0.09  0.40
07221000 -104.7828   35.8003   1104.  0.50  0.11  0.45
07222500 -104.4431   35.4028    523.  0.27  0.03  0.26
07243500  -96.0650   35.6750   2018.  0.64  0.16  0.54
07252000  -94.0153   35.5769    373.  1.21  0.36  0.77
07261000  -92.4028   35.2989    169.  1.36  0.41  0.81
07288500  -90.5430   33.5470    767.  1.22  0.36  0.77
07289500  -89.9661   32.8806   1493.  1.32  0.40  0.80
07290000  -90.6967   32.3475   2812.  1.32  0.40  0.80
07307800 -100.0733   34.2275   2754.  0.29  0.04  0.28
07340000  -94.3875   33.9194   2662.  1.01  0.29  0.71
07346000  -94.4986   32.7494    850.  0.86  0.24  0.65
07346050  -94.7508   32.6725    383.  0.84  0.23  0.64
07346070  -94.3456   32.7139    675.  0.85  0.24  0.65
07348000  -93.8778   32.6458   3137.  0.89  0.25  0.67
07363500  -92.0258   33.7008   2102.  1.45  0.43  0.82
07375500  -90.3617   30.5064    646.  1.54  0.45  0.84
07378000  -91.0740   30.5120    284.  1.46  0.43  0.83
07378500  -90.9903   30.4639   1280.  1.46  0.44  0.83
08013500  -92.8139   30.6403    753.  1.30  0.39  0.79
08015500  -92.9153   30.5028   1700.  1.29  0.39  0.79
08032000  -95.4306   31.8922   1145.  0.73  0.19  0.59
08033500  -94.3986   31.0247   3636.  0.78  0.21  0.62
08055500  -96.9442   32.9658   2459.  0.58  0.13  0.50
08085500  -99.2242   32.9344   3988.  0.35  0.06  0.33
08095000  -97.5678   31.7858    968.  0.49  0.10  0.44
08103800  -98.0164   31.0817    818.  0.46  0.09  0.42
08146000  -98.7192   31.2131   3046.  0.35  0.06  0.33
08150000  -99.7219   30.4975   1856.  0.34  0.05  0.32
08150700  -99.1089   30.6606   3247.  0.36  0.06  0.34
08167500  -98.3828   29.8606   1315.  0.45  0.09  0.41
08171000  -98.0886   29.9942    355.  0.53  0.12  0.47
08171300  -97.9097   29.9792    412.  0.54  0.12  0.47
08172000  -97.6497   29.6650    838.  0.56  0.13  0.49
08189500  -97.2789   28.2917    690.  0.54  0.12  0.48
08205500  -99.1444   28.7364   3429.  0.37  0.06  0.35
08340500 -107.1890   35.5930   1390.  0.22  0.02  0.21
09127998 -107.6489   38.5261   3965.  0.66  0.17  0.55
09132500 -107.4336   38.9258    526.  0.55  0.13  0.48
09251000 -108.0292   40.5028   3410.  0.51  0.11  0.45
09292500 -110.3410   40.5120    132.  0.88  0.25  0.66
09299500 -109.9269   40.5869    113.  0.84  0.23  0.64
09430500 -108.5367   33.0611   1864.  0.45  0.09  0.41
09431500 -108.6750   32.7269   2829.  0.35  0.06  0.33
09442692 -108.5150   33.8914     94.  0.47  0.10  0.43
09444500 -109.2953   33.0494   2766.  0.43  0.08  0.39
09497500 -110.4990   33.7980   2849.  0.43  0.08  0.39
10296000 -119.4492   38.3797    180.  1.15  0.34  0.76
10296500 -119.4542   38.5153    250.  1.14  0.34  0.76
10301500 -119.0972   39.1528   2600.  0.86  0.24  0.65
10309000 -119.7030   38.8470    356.  1.27  0.38  0.79
10312000 -119.3111   39.2917   1302.  1.02  0.29  0.72
11025500 -116.8653   33.1069    112.  0.28  0.04  0.27
11080500 -117.8050   34.2360     85.  0.57  0.13  0.49
11138500 -120.1672   34.8397    281.  0.34  0.05  0.32
11160000 -121.9547   36.9914     40. -1.00 -1.00  0.32
11210500 -118.9533   36.4067    519.  0.39  0.08  0.36
11213500 -119.1233   36.8633    952.  0.70  0.18  0.57
11222000 -119.3350   36.8167   1693.  0.49  0.11  0.43
11224500 -120.4697   36.2147     96.  0.29  0.04  0.27
11281000 -120.0119   37.8217     87.  0.70  0.18  0.57
11342000 -122.4161   40.9397    425.  1.28  0.38  0.80
11355500 -121.4236   40.6867    162.  0.96  0.28  0.69
11401500 -120.9269   40.0781    739.  0.90  0.25  0.67
11403000 -121.2175   40.0106   1025.  0.98  0.28  0.70
11413000 -120.9369   39.5250    250.  1.41  0.42  0.82
11427000 -121.0228   38.9361    342.  0.86  0.24  0.65
11497500 -121.2375   42.4472    513.  0.53  0.12  0.46
11501000 -121.8486   42.5847   1580.  0.86  0.22  0.67
11530000 -123.6708   41.0500   2853.  1.61  0.46  0.87
11532500 -124.0539   41.7894    609.  3.63  0.73  0.98
12027500 -123.0344   46.7761    895.  4.32  0.76  1.06
12098500 -121.9490   47.1510    401.  2.52  0.62  0.96
12134500 -121.6656   47.8375    535.  2.67  0.63  0.99
12144500 -121.8411   47.5453    375.  2.48  0.60  0.98
12149000 -121.9240   47.6660    603.  2.11  0.55  0.95
12340000 -113.7560   46.9000   2290.  0.87  0.23  0.66
12358500 -114.0092   48.4953   1128.  1.14  0.31  0.79
12413000 -116.2528   47.5722    895.  1.18  0.34  0.77
12413500 -116.3069   47.5639   1220.  1.13  0.33  0.76
12449500 -120.1150   48.3653   1301.  2.78  0.63  1.04
12449950 -119.9839   48.0775   1772.  2.65  0.61  1.04
12459000 -120.6128   47.5833   1000.  3.93  0.75  1.00
12462500 -120.4233   47.4994   1301.  3.66  0.72  1.02
13186000 -115.3056   43.4944    635.  1.03  0.29  0.73
13200000 -115.9889   43.6481    399.  0.50  0.11  0.45
13298500 -114.2550   44.3786   1800.  1.30  0.38  0.80
13302500 -113.8944   45.1833   3760.  1.16  0.34  0.77
13336500 -115.5128   46.0867   1910.  1.30  0.38  0.80
13337000 -115.5864   46.1506   1180.  1.55  0.44  0.86
13340500 -115.5078   46.6314    996.  1.47  0.43  0.84
13340600 -115.6197   46.8406   1360.  1.43  0.42  0.83
13351000 -118.1478   46.7586   2500.  0.34  0.06  0.32
14080500 -120.7944   44.1139   2700.  0.31  0.05  0.30
14101500 -121.0939   45.2417    417.  2.52  0.61  0.98
14113000 -121.2089   45.7567   1297.  2.42  0.56  1.05
14232500 -121.8628   46.4417    321.  3.46  0.71  0.99
14233400 -122.0975   46.4703   1030.  3.31  0.70  1.00
14308000 -122.9472   42.9306    449.  1.70  0.49  0.87
14321000 -123.5542   43.5861   3683.  2.16  0.56  0.95
14359000 -122.9861   42.4375   2053.  1.15  0.33  0.77
