01048000     0.434    0.223    0.100    4.720    0.156  0.723E-05
01055500     0.432    0.211    0.094    4.660    0.124  0.830E-05
01060000     0.452    0.280    0.131    4.954    0.423  0.601E-05
01064500     0.434    0.224    0.100    4.740    0.141  0.636E-05
01076500     0.434    0.224    0.100    4.740    0.141  0.636E-05
01127000     0.434    0.224    0.100    4.744    0.142  0.640E-05
01138000     0.434    0.224    0.100    4.740    0.141  0.636E-05
01197500     0.451    0.307    0.148    5.234    0.469  0.207E-05
01200000     0.454    0.309    0.149    5.190    0.494  0.267E-05
01321000     0.434    0.228    0.105    4.865    0.159  0.668E-05
01329000     0.446    0.265    0.123    4.928    0.319  0.500E-05
01329500     0.455    0.303    0.149    5.368    0.467  0.379E-05
01334500     0.454    0.305    0.147    5.180    0.477  0.301E-05
01348000     0.435    0.237    0.110    4.938    0.197  0.649E-05
01361000     0.461    0.321    0.155    5.194    0.561  0.290E-05
01371500     0.460    0.324    0.160    5.431    0.558  0.282E-05
01372500     0.470    0.343    0.167    5.248    0.673  0.272E-05
01421000     0.476    0.363    0.177    5.330    0.759  0.214E-05
01423000     0.476    0.363    0.177    5.330    0.759  0.214E-05
01426500     0.476    0.363    0.177    5.330    0.759  0.214E-05
01445000     0.440    0.281    0.135    5.171    0.337  0.227E-05
01445500     0.437    0.248    0.115    4.913    0.229  0.475E-05
01500500     0.471    0.352    0.172    5.323    0.705  0.219E-05
01503000     0.472    0.354    0.173    5.322    0.711  0.212E-05
01512500     0.471    0.352    0.172    5.332    0.704  0.220E-05
01514000     0.472    0.355    0.173    5.322    0.716  0.207E-05
01518000     0.470    0.351    0.171    5.318    0.696  0.203E-05
01520000     0.471    0.352    0.172    5.318    0.699  0.204E-05
01520500     0.470    0.351    0.172    5.318    0.698  0.203E-05
01531000     0.470    0.350    0.171    5.311    0.697  0.225E-05
01534000     0.475    0.360    0.176    5.327    0.745  0.212E-05
01541000     0.466    0.343    0.167    5.309    0.652  0.196E-05
01541500     0.463    0.337    0.164    5.302    0.619  0.190E-05
01543500     0.452    0.315    0.153    5.279    0.499  0.169E-05
01548500     0.456    0.323    0.157    5.287    0.543  0.177E-05
01556000     0.456    0.317    0.153    5.231    0.527  0.234E-05
01558000     0.455    0.319    0.154    5.261    0.526  0.200E-05
01559000     0.456    0.317    0.156    5.370    0.519  0.241E-05
01560000     0.466    0.338    0.164    5.275    0.636  0.227E-05
01562000     0.461    0.330    0.160    5.266    0.590  0.219E-05
01567000     0.459    0.326    0.161    5.452    0.555  0.217E-05
01574000     0.474    0.359    0.175    5.326    0.740  0.211E-05
01595000     0.472    0.354    0.173    5.318    0.713  0.210E-05
01606500     0.453    0.306    0.147    5.183    0.480  0.269E-05
01608500     0.458    0.316    0.153    5.206    0.530  0.263E-05
01610000     0.460    0.325    0.157    5.240    0.569  0.241E-05
01611500     0.447    0.269    0.126    4.949    0.360  0.565E-05
01628500     0.466    0.334    0.167    5.493    0.613  0.297E-05
01631000     0.464    0.328    0.161    5.387    0.586  0.307E-05
01634000     0.465    0.335    0.170    5.660    0.605  0.289E-05
01643000     0.460    0.330    0.160    5.295    0.580  0.183E-05
01649500     0.452    0.296    0.141    5.103    0.443  0.345E-05
01663500     0.452    0.303    0.146    5.175    0.463  0.272E-05
01664000     0.449    0.292    0.140    5.132    0.415  0.302E-05
01667500     0.457    0.317    0.155    5.338    0.524  0.274E-05
01668000     0.458    0.315    0.152    5.243    0.523  0.287E-05
01672500     0.448    0.277    0.131    5.061    0.366  0.448E-05
01674500     0.439    0.241    0.110    4.820    0.214  0.574E-05
02016000     0.451    0.284    0.134    5.024    0.401  0.418E-05
02018000     0.447    0.270    0.126    4.948    0.342  0.481E-05
02030500     0.442    0.295    0.143    5.257    0.390  0.150E-05
02055000     0.465    0.347    0.181    5.989    0.627  0.212E-05
02058400     0.436    0.239    0.109    4.855    0.194  0.527E-05
02083500     0.421    0.213    0.096    4.522    0.215  0.122E-04
02102000     0.457    0.301    0.143    5.071    0.496  0.452E-05
02116500     0.436    0.251    0.117    4.954    0.231  0.430E-05
02118000     0.438    0.272    0.130    5.122    0.301  0.267E-05
02121000     0.437    0.259    0.121    5.014    0.256  0.372E-05
02126000     0.461    0.320    0.154    5.188    0.559  0.295E-05
02135000     0.413    0.162    0.067    4.214    0.075  0.173E-04
02138500     0.438    0.269    0.128    5.099    0.292  0.290E-05
02143000     0.435    0.242    0.111    4.884    0.202  0.497E-05
02143040     0.438    0.269    0.128    5.100    0.292  0.289E-05
02143500     0.438    0.281    0.135    5.197    0.333  0.196E-05
02156500     0.438    0.250    0.115    4.913    0.239  0.488E-05
02165000     0.435    0.231    0.105    4.798    0.165  0.580E-05
02174000     0.382    0.123    0.045    3.574    0.062  0.267E-04
02192000     0.435    0.228    0.103    4.836    0.145  0.619E-05
02202000     0.426    0.178    0.078    4.552    0.088  0.142E-04
02202500     0.423    0.170    0.074    4.445    0.080  0.155E-04
02217500     0.434    0.224    0.100    4.740    0.141  0.636E-05
02218500     0.434    0.224    0.100    4.740    0.141  0.636E-05
02219500     0.434    0.224    0.100    4.740    0.141  0.636E-05
02228000     0.409    0.141    0.057    4.107    0.051  0.207E-04
02236000     0.356    0.127    0.053    3.610    0.145  0.325E-04
02273000     0.351    0.114    0.044    3.364    0.122  0.340E-04
02296750     0.345    0.100    0.033    3.077    0.096  0.357E-04
02329000     0.421    0.150    0.062    4.276    0.041  0.176E-04
02339500     0.434    0.222    0.100    4.722    0.164  0.765E-05
02347500     0.434    0.224    0.100    4.740    0.144  0.661E-05
02349500     0.430    0.202    0.089    4.609    0.116  0.985E-05
02365500     0.428    0.192    0.084    4.577    0.101  0.115E-04
02375500     0.436    0.229    0.103    4.731    0.195  0.756E-05
02383500     0.448    0.286    0.136    5.081    0.393  0.350E-05
02387000     0.465    0.335    0.162    5.255    0.621  0.244E-05
02387500     0.457    0.311    0.149    5.167    0.509  0.299E-05
02414500     0.444    0.268    0.127    5.087    0.304  0.431E-05
02437000     0.444    0.282    0.148    5.872    0.326  0.404E-05
02448000     0.461    0.330    0.178    6.311    0.525  0.291E-05
02456500     0.449    0.279    0.132    5.073    0.371  0.442E-05
02472000     0.444    0.273    0.150    6.395    0.218  0.430E-05
02475000     0.438    0.244    0.118    5.234    0.197  0.584E-05
02475500     0.441    0.257    0.124    5.197    0.266  0.539E-05
02478500     0.441    0.255    0.124    5.287    0.240  0.534E-05
02479300     0.434    0.224    0.100    4.741    0.142  0.636E-05
02482000     0.453    0.285    0.135    4.996    0.435  0.532E-05
02486000     0.452    0.288    0.139    5.192    0.417  0.454E-05
02492000     0.450    0.279    0.131    4.994    0.381  0.444E-05
03010500     0.458    0.326    0.158    5.291    0.559  0.180E-05
03011020     0.464    0.338    0.165    5.303    0.628  0.196E-05
03020500     0.475    0.360    0.176    5.327    0.743  0.211E-05
03024000     0.476    0.362    0.177    5.344    0.756  0.213E-05
03032500     0.469    0.348    0.170    5.315    0.682  0.201E-05
03050500     0.476    0.363    0.177    5.330    0.759  0.214E-05
03051000     0.471    0.353    0.173    5.320    0.709  0.205E-05
03054500     0.473    0.356    0.174    5.323    0.721  0.207E-05
03065000     0.467    0.337    0.163    5.233    0.640  0.277E-05
03069000     0.469    0.347    0.169    5.306    0.679  0.210E-05
03069500     0.467    0.335    0.162    5.230    0.631  0.276E-05
03070000     0.468    0.341    0.165    5.253    0.657  0.261E-05
03075500     0.454    0.318    0.154    5.282    0.514  0.172E-05
03079000     0.466    0.341    0.166    5.307    0.644  0.194E-05
03109500     0.470    0.351    0.172    5.340    0.697  0.203E-05
03111500     0.476    0.363    0.177    5.330    0.759  0.214E-05
03114500     0.476    0.363    0.177    5.330    0.759  0.214E-05
03136000     0.475    0.362    0.179    5.441    0.748  0.210E-05
03155500     0.476    0.363    0.177    5.330    0.759  0.214E-05
03159500     0.476    0.363    0.178    5.376    0.756  0.213E-05
03161000     0.439    0.288    0.139    5.247    0.354  0.147E-05
03164000     0.440    0.289    0.139    5.236    0.362  0.163E-05
03165500     0.441    0.288    0.139    5.217    0.362  0.184E-05
03167000     0.474    0.356    0.173    5.302    0.728  0.234E-05
03168000     0.448    0.301    0.145    5.218    0.438  0.214E-05
03173000     0.461    0.324    0.156    5.214    0.572  0.271E-05
03175500     0.458    0.304    0.144    5.087    0.492  0.383E-05
03179000     0.465    0.341    0.166    5.307    0.642  0.194E-05
03180500     0.472    0.355    0.173    5.321    0.719  0.208E-05
03182500     0.470    0.350    0.171    5.314    0.689  0.204E-05
03183500     0.470    0.351    0.171    5.314    0.694  0.206E-05
03184000     0.471    0.352    0.172    5.316    0.699  0.207E-05
03186500     0.476    0.363    0.177    5.330    0.759  0.214E-05
03198500     0.443    0.260    0.120    4.923    0.290  0.489E-05
03199000     0.435    0.233    0.106    4.810    0.171  0.568E-05
03213000     0.441    0.292    0.141    5.254    0.374  0.148E-05
03214000     0.440    0.287    0.138    5.225    0.356  0.173E-05
03237500     0.476    0.363    0.177    5.330    0.759  0.214E-05
03238500     0.476    0.363    0.177    5.330    0.759  0.214E-05
03251500     0.468    0.349    0.185    6.258    0.599  0.208E-05
03252500     0.476    0.363    0.182    5.645    0.732  0.203E-05
03253500     0.470    0.355    0.191    6.536    0.599  0.191E-05
03265000     0.476    0.363    0.179    5.429    0.754  0.211E-05
03266000     0.476    0.363    0.179    5.408    0.755  0.212E-05
03269500     0.473    0.368    0.195    6.164    0.724  0.191E-05
03274000     0.475    0.363    0.181    5.566    0.748  0.207E-05
03281500     0.475    0.361    0.176    5.328    0.749  0.212E-05
03289500     0.475    0.364    0.184    5.723    0.725  0.201E-05
03301500     0.473    0.367    0.201    6.787    0.638  0.166E-05
03303000     0.476    0.363    0.177    5.330    0.759  0.214E-05
03308500     0.474    0.358    0.175    5.325    0.732  0.209E-05
03324300     0.476    0.362    0.178    5.409    0.755  0.212E-05
03326500     0.476    0.363    0.177    5.331    0.759  0.214E-05
03328500     0.461    0.327    0.159    5.288    0.582  0.266E-05
03331500     0.433    0.253    0.124    5.200    0.289  0.765E-05
03339500     0.472    0.369    0.198    6.351    0.716  0.185E-05
03345500     0.475    0.364    0.182    5.573    0.748  0.207E-05
03346000     0.476    0.363    0.177    5.330    0.759  0.214E-05
03348000     0.476    0.363    0.178    5.388    0.756  0.212E-05
03349000     0.475    0.364    0.182    5.544    0.750  0.208E-05
03361500     0.475    0.364    0.181    5.517    0.751  0.209E-05
03361650     0.476    0.363    0.177    5.330    0.759  0.214E-05
03362500     0.475    0.364    0.181    5.496    0.751  0.209E-05
03363000     0.475    0.362    0.178    5.418    0.748  0.210E-05
03364000     0.475    0.362    0.179    5.433    0.749  0.210E-05
03365500     0.475    0.361    0.178    5.402    0.747  0.213E-05
03381500     0.476    0.363    0.179    5.415    0.754  0.212E-05
03410500     0.451    0.313    0.152    5.277    0.489  0.168E-05
03438000     0.476    0.363    0.177    5.330    0.759  0.214E-05
03443000     0.442    0.278    0.132    5.113    0.338  0.293E-05
03448000     0.442    0.279    0.133    5.110    0.345  0.298E-05
03451500     0.441    0.277    0.132    5.118    0.334  0.285E-05
03455000     0.440    0.277    0.132    5.131    0.327  0.268E-05
03465500     0.439    0.281    0.135    5.193    0.334  0.201E-05
03470000     0.447    0.303    0.147    5.266    0.438  0.159E-05
03473000     0.454    0.318    0.154    5.272    0.520  0.185E-05
03490000     0.466    0.336    0.165    5.387    0.623  0.283E-05
03504000     0.439    0.288    0.139    5.247    0.354  0.147E-05
03512000     0.439    0.284    0.137    5.220    0.342  0.173E-05
03521500     0.465    0.340    0.166    5.305    0.639  0.194E-05
03524000     0.465    0.340    0.166    5.325    0.636  0.197E-05
03528000     0.462    0.334    0.163    5.324    0.604  0.189E-05
03531500     0.454    0.318    0.155    5.308    0.515  0.174E-05
03532000     0.459    0.330    0.166    5.571    0.566  0.198E-05
03540500     0.442    0.294    0.142    5.256    0.387  0.150E-05
03550000     0.439    0.288    0.139    5.250    0.355  0.144E-05
03567500     0.459    0.323    0.156    5.232    0.558  0.245E-05
03574500     0.468    0.339    0.164    5.238    0.651  0.275E-05
03603000     0.475    0.362    0.180    5.483    0.745  0.208E-05
04073500     0.438    0.257    0.132    5.384    0.371  0.110E-04
04079000     0.434    0.242    0.114    4.888    0.271  0.898E-05
04100500     0.445    0.288    0.143    5.450    0.372  0.309E-05
04113000     0.435    0.245    0.119    5.154    0.244  0.662E-05
04115000     0.442    0.288    0.149    5.752    0.333  0.287E-05
04144000     0.438    0.268    0.133    5.368    0.312  0.471E-05
04164000     0.435    0.216    0.101    4.878    0.207  0.113E-04
04165500     0.438    0.244    0.121    5.361    0.255  0.772E-05
04176500     0.444    0.267    0.136    5.842    0.358  0.601E-05
04178000     0.462    0.329    0.160    5.265    0.598  0.271E-05
04183500     0.469    0.346    0.174    5.675    0.671  0.221E-05
04185000     0.455    0.316    0.160    5.704    0.539  0.361E-05
04191500     0.467    0.343    0.196    7.640    0.625  0.149E-05
04198000     0.471    0.349    0.179    6.010    0.680  0.226E-05
04201500     0.475    0.361    0.176    5.328    0.749  0.212E-05
04212000     0.476    0.362    0.177    5.330    0.757  0.214E-05
04221000     0.461    0.333    0.162    5.299    0.600  0.187E-05
04221500     0.462    0.334    0.163    5.300    0.605  0.188E-05
04223000     0.469    0.349    0.170    5.316    0.686  0.201E-05
05053000     0.428    0.269    0.141    5.638    0.331  0.848E-05
05244000     0.408    0.182    0.077    4.218    0.115  0.155E-04
05280000     0.447    0.305    0.166    6.334    0.340  0.198E-05
05320500     0.456    0.342    0.206    7.732    0.484  0.114E-05
05383000     0.436    0.281    0.132    4.589    0.556  0.124E-04
05408000     0.476    0.363    0.177    5.330    0.759  0.214E-05
05410490     0.476    0.362    0.177    5.329    0.754  0.213E-05
05410500     0.476    0.362    0.177    5.329    0.754  0.213E-05
05412500     0.458    0.327    0.159    5.292    0.565  0.181E-05
05418500     0.461    0.334    0.166    5.484    0.591  0.183E-05
05422000     0.446    0.309    0.162    5.899    0.441  0.252E-05
05430500     0.475    0.363    0.182    5.563    0.744  0.212E-05
05435500     0.476    0.363    0.177    5.330    0.759  0.214E-05
05440000     0.474    0.359    0.175    5.342    0.736  0.210E-05
05447500     0.460    0.332    0.163    5.242    0.645  0.467E-05
05451500     0.447    0.319    0.174    6.327    0.443  0.138E-05
05452000     0.466    0.380    0.235    8.133    0.641  0.136E-05
05454500     0.455    0.343    0.198    6.995    0.537  0.223E-05
05455500     0.467    0.378    0.229    7.837    0.654  0.144E-05
05457700     0.456    0.332    0.175    6.087    0.530  0.165E-05
05458500     0.452    0.321    0.167    5.917    0.487  0.162E-05
05462000     0.443    0.300    0.155    5.780    0.379  0.156E-05
05471500     0.452    0.330    0.181    6.416    0.497  0.154E-05
05472500     0.468    0.376    0.223    7.536    0.665  0.152E-05
05476500     0.447    0.307    0.168    6.461    0.339  0.149E-05
05479000     0.445    0.309    0.163    6.055    0.397  0.133E-05
05481000     0.453    0.342    0.200    7.209    0.503  0.130E-05
05482500     0.440    0.293    0.145    5.444    0.369  0.143E-05
05484500     0.446    0.314    0.168    6.182    0.425  0.138E-05
05502040     0.476    0.363    0.177    5.330    0.759  0.214E-05
05507500     0.462    0.334    0.163    5.299    0.604  0.187E-05
05508000     0.464    0.338    0.164    5.303    0.623  0.191E-05
05514500     0.476    0.362    0.177    5.329    0.753  0.213E-05
05515500     0.428    0.238    0.119    5.254    0.255  0.101E-04
05517000     0.442    0.286    0.146    5.677    0.324  0.271E-05
05517500     0.426    0.237    0.116    5.112    0.242  0.948E-05
05518000     0.427    0.235    0.113    5.011    0.244  0.976E-05
05520500     0.428    0.240    0.115    4.901    0.292  0.106E-04
05526000     0.446    0.305    0.165    6.020    0.512  0.800E-05
05542000     0.467    0.356    0.189    6.127    0.691  0.339E-05
05546500     0.474    0.361    0.179    5.489    0.735  0.206E-05
05552500     0.475    0.362    0.179    5.424    0.748  0.211E-05
05554500     0.471    0.369    0.204    6.650    0.699  0.195E-05
05555300     0.471    0.370    0.205    6.676    0.700  0.185E-05
05555500     0.471    0.370    0.204    6.627    0.702  0.186E-05
05569500     0.476    0.363    0.179    5.423    0.755  0.211E-05
05570000     0.476    0.363    0.179    5.422    0.755  0.211E-05
05582000     0.476    0.363    0.177    5.340    0.758  0.214E-05
05584500     0.476    0.363    0.178    5.383    0.756  0.212E-05
05585000     0.476    0.363    0.180    5.446    0.754  0.211E-05
05592500     0.476    0.363    0.178    5.391    0.756  0.212E-05
05593000     0.476    0.363    0.178    5.374    0.757  0.213E-05
05594000     0.476    0.363    0.179    5.435    0.754  0.211E-05
06191500     0.441    0.289    0.140    5.235    0.366  0.166E-05
06192500     0.441    0.289    0.140    5.264    0.363  0.172E-05
06225500     0.441    0.293    0.146    5.530    0.343  0.140E-05
06334500     0.455    0.327    0.205    8.622    0.415  0.109E-05
06340500     0.447    0.299    0.144    5.141    0.456  0.342E-05
06359500     0.442    0.261    0.135    6.060    0.269  0.422E-05
06426500     0.446    0.290    0.153    6.029    0.279  0.223E-05
06441500     0.462    0.340    0.232   10.472    0.446  0.661E-06
06446000     0.455    0.318    0.180    6.894    0.415  0.372E-05
06454500     0.420    0.177    0.076    4.374    0.103  0.149E-04
06480000     0.463    0.356    0.201    6.850    0.603  0.155E-05
06600500     0.465    0.382    0.243    8.512    0.625  0.125E-05
06606600     0.456    0.346    0.207    7.506    0.481  0.117E-05
06607200     0.468    0.376    0.223    7.529    0.664  0.152E-05
06609500     0.470    0.372    0.209    6.852    0.692  0.171E-05
06799500     0.469    0.376    0.221    7.423    0.671  0.155E-05
06808500     0.470    0.374    0.215    7.156    0.682  0.163E-05
06810000     0.467    0.378    0.228    7.767    0.657  0.146E-05
06811500     0.466    0.365    0.224    7.964    0.510  0.103E-05
06813000     0.464    0.383    0.245    8.590    0.622  0.123E-05
06815000     0.466    0.356    0.217    7.871    0.433  0.841E-06
06817000     0.463    0.379    0.243    8.559    0.604  0.121E-05
06817500     0.463    0.379    0.242    8.537    0.603  0.121E-05
06820500     0.463    0.372    0.232    8.158    0.584  0.123E-05
06847000     0.476    0.363    0.177    5.330    0.759  0.214E-05
06860000     0.470    0.347    0.169    5.292    0.689  0.257E-05
06868000     0.469    0.349    0.170    5.315    0.685  0.201E-05
06869500     0.469    0.349    0.170    5.315    0.685  0.201E-05
06883000     0.470    0.351    0.171    5.226    0.730  0.359E-05
06884400     0.471    0.356    0.180    5.648    0.705  0.242E-05
06884500     0.471    0.356    0.180    5.662    0.705  0.242E-05
06885500     0.465    0.349    0.220    8.265    0.324  0.481E-06
06888500     0.465    0.382    0.243    8.507    0.619  0.124E-05
06890500     0.465    0.354    0.225    8.478    0.344  0.528E-06
06892000     0.466    0.365    0.227    8.182    0.484  0.955E-06
06894000     0.476    0.363    0.177    5.330    0.759  0.214E-05
06897500     0.458    0.335    0.196    7.235    0.381  0.912E-06
06898000     0.457    0.344    0.198    7.048    0.505  0.130E-05
06899500     0.455    0.333    0.186    6.684    0.460  0.127E-05
06908000     0.471    0.346    0.168    5.261    0.686  0.264E-05
06913500     0.465    0.374    0.226    7.781    0.632  0.141E-05
06914000     0.469    0.362    0.194    6.291    0.684  0.181E-05
06928000     0.476    0.363    0.177    5.330    0.759  0.214E-05
06933500     0.473    0.356    0.174    5.323    0.721  0.207E-05
07019000     0.472    0.354    0.173    5.321    0.711  0.206E-05
07029500     0.451    0.284    0.136    5.152    0.398  0.443E-05
07049000     0.447    0.267    0.124    4.921    0.331  0.506E-05
07052500     0.476    0.362    0.177    5.329    0.757  0.215E-05
07056000     0.444    0.257    0.119    4.904    0.284  0.537E-05
07057500     0.466    0.342    0.167    5.308    0.646  0.194E-05
07058000     0.465    0.341    0.166    5.307    0.642  0.194E-05
07067000     0.474    0.359    0.176    5.327    0.741  0.211E-05
07068000     0.475    0.360    0.176    5.327    0.745  0.211E-05
07069500     0.474    0.356    0.174    5.302    0.729  0.234E-05
07072000     0.476    0.363    0.177    5.330    0.759  0.214E-05
07074000     0.458    0.303    0.144    5.076    0.493  0.396E-05
07144200     0.455    0.330    0.179    6.173    0.583  0.554E-05
07144780     0.395    0.177    0.074    4.001    0.161  0.194E-04
07147070     0.466    0.381    0.238    8.262    0.632  0.132E-05
07147800     0.468    0.376    0.223    7.552    0.665  0.152E-05
07152000     0.455    0.308    0.153    5.446    0.478  0.349E-05
07163000     0.476    0.363    0.177    5.330    0.759  0.214E-05
07172000     0.465    0.379    0.237    8.265    0.628  0.137E-05
07177500     0.454    0.297    0.148    5.432    0.438  0.405E-05
07183000     0.467    0.374    0.221    7.506    0.653  0.151E-05
07186000     0.471    0.352    0.172    5.313    0.700  0.210E-05
07196500     0.472    0.349    0.169    5.270    0.696  0.257E-05
07197000     0.465    0.327    0.158    5.179    0.601  0.322E-05
07211500     0.451    0.289    0.138    5.163    0.417  0.391E-05
07221000     0.444    0.295    0.146    5.501    0.398  0.171E-05
07222500     0.436    0.245    0.113    4.910    0.212  0.473E-05
07243500     0.441    0.260    0.122    4.977    0.304  0.551E-05
07252000     0.434    0.224    0.100    4.740    0.141  0.636E-05
07261000     0.435    0.226    0.101    4.750    0.151  0.629E-05
07288500     0.461    0.341    0.221    9.394    0.550  0.121E-05
07289500     0.451    0.282    0.132    4.990    0.399  0.457E-05
07290000     0.463    0.319    0.153    5.145    0.563  0.346E-05
07307800     0.442    0.282    0.161    6.613    0.230  0.553E-05
07340000     0.441    0.277    0.133    5.158    0.328  0.284E-05
07346000     0.423    0.218    0.100    4.776    0.161  0.989E-05
07346050     0.420    0.211    0.093    4.500    0.162  0.107E-04
07346070     0.419    0.210    0.093    4.491    0.159  0.108E-04
07348000     0.409    0.197    0.088    4.475    0.160  0.144E-04
07363500     0.448    0.285    0.135    5.063    0.392  0.371E-05
07375500     0.457    0.301    0.143    5.068    0.484  0.401E-05
07378000     0.475    0.359    0.175    5.313    0.741  0.226E-05
07378500     0.474    0.358    0.174    5.308    0.736  0.229E-05
08013500     0.458    0.304    0.145    5.069    0.503  0.416E-05
08015500     0.458    0.311    0.149    5.047    0.556  0.499E-05
08032000     0.389    0.166    0.069    3.963    0.125  0.209E-04
08033500     0.415    0.207    0.093    4.562    0.156  0.123E-04
08055500     0.450    0.287    0.166    7.137    0.256  0.312E-05
08085500     0.454    0.317    0.189    7.360    0.275  0.236E-05
08095000     0.453    0.301    0.184    7.873    0.268  0.284E-05
08103800     0.464    0.340    0.215    8.388    0.277  0.348E-06
08146000     0.458    0.316    0.212    9.851    0.376  0.863E-06
08150000     0.457    0.313    0.223   11.372    0.457  0.518E-06
08150700     0.454    0.304    0.207   10.366    0.423  0.105E-05
08167500     0.460    0.324    0.224   10.590    0.404  0.471E-06
08171000     0.464    0.341    0.218    8.630    0.287  0.359E-06
08171300     0.464    0.338    0.218    8.886    0.303  0.374E-06
08172000     0.460    0.324    0.217    9.783    0.375  0.747E-06
08189500     0.411    0.243    0.129    6.057    0.181  0.493E-05
08205500     0.453    0.305    0.195    8.952    0.360  0.163E-05
08340500     0.430    0.244    0.120    5.193    0.212  0.791E-05
09127998     0.438    0.269    0.128    5.100    0.292  0.289E-05
09132500     0.439    0.289    0.140    5.282    0.354  0.143E-05
09251000     0.433    0.256    0.121    5.036    0.256  0.500E-05
09292500     0.434    0.224    0.100    4.741    0.142  0.635E-05
09299500     0.434    0.227    0.102    4.766    0.152  0.611E-05
09430500     0.437    0.274    0.133    5.297    0.296  0.242E-05
09431500     0.437    0.278    0.135    5.268    0.312  0.219E-05
09442692     0.437    0.260    0.122    5.026    0.261  0.360E-05
09444500     0.442    0.281    0.140    5.469    0.304  0.248E-05
09497500     0.450    0.298    0.156    5.951    0.334  0.234E-05
10296000     0.434    0.230    0.104    4.776    0.163  0.612E-05
10296500     0.432    0.234    0.106    4.787    0.188  0.636E-05
10301500     0.434    0.236    0.110    4.991    0.195  0.682E-05
10309000     0.413    0.196    0.084    4.326    0.134  0.131E-04
10312000     0.418    0.220    0.101    4.674    0.197  0.114E-04
11025500     0.434    0.224    0.100    4.740    0.141  0.636E-05
11080500     0.434    0.230    0.104    4.785    0.160  0.593E-05
11138500     0.440    0.291    0.143    5.401    0.350  0.139E-05
11160000     0.435    0.231    0.104    4.794    0.164  0.584E-05
11210500     0.430    0.235    0.107    4.780    0.199  0.665E-05
11213500     0.422    0.211    0.093    4.526    0.147  0.101E-04
11222000     0.425    0.216    0.096    4.613    0.165  0.949E-05
11224500     0.459    0.322    0.224   10.761    0.416  0.481E-06
11281000     0.435    0.238    0.109    4.854    0.189  0.526E-05
11342000     0.440    0.257    0.126    5.343    0.213  0.427E-05
11355500     0.434    0.224    0.100    4.740    0.141  0.636E-05
11401500     0.416    0.225    0.102    4.571    0.229  0.106E-04
11403000     0.420    0.227    0.103    4.624    0.214  0.952E-05
11413000     0.436    0.253    0.118    4.966    0.236  0.418E-05
11427000     0.437    0.264    0.125    5.058    0.275  0.330E-05
11497500     0.420    0.247    0.125    5.241    0.264  0.103E-04
11501000     0.413    0.225    0.113    5.068    0.225  0.140E-04
11530000     0.437    0.251    0.118    5.061    0.220  0.457E-05
11532500     0.450    0.310    0.170    6.479    0.313  0.120E-05
12027500     0.472    0.359    0.183    5.722    0.713  0.208E-05
12098500     0.428    0.193    0.085    4.562    0.125  0.120E-04
12134500     0.431    0.212    0.095    4.680    0.149  0.919E-05
12144500     0.435    0.232    0.106    4.800    0.196  0.695E-05
12149000     0.436    0.240    0.110    4.863    0.222  0.627E-05
12340000     0.445    0.297    0.144    5.239    0.412  0.190E-05
12358500     0.474    0.358    0.175    5.325    0.734  0.210E-05
12413000     0.476    0.363    0.177    5.330    0.759  0.214E-05
12413500     0.476    0.363    0.177    5.330    0.759  0.214E-05
12449500     0.446    0.287    0.137    5.124    0.397  0.340E-05
12449950     0.447    0.286    0.136    5.098    0.398  0.360E-05
12459000     0.434    0.225    0.101    4.743    0.145  0.635E-05
12462500     0.435    0.229    0.103    4.760    0.162  0.622E-05
13186000     0.434    0.230    0.103    4.783    0.159  0.595E-05
13200000     0.423    0.159    0.066    4.339    0.059  0.165E-04
13298500     0.435    0.252    0.119    4.996    0.271  0.556E-05
13302500     0.437    0.271    0.130    5.128    0.315  0.337E-05
13336500     0.462    0.309    0.148    5.066    0.574  0.595E-05
13337000     0.461    0.306    0.146    5.056    0.562  0.606E-05
13340500     0.476    0.363    0.177    5.330    0.759  0.214E-05
13340600     0.476    0.363    0.177    5.330    0.759  0.214E-05
13351000     0.476    0.362    0.177    5.330    0.756  0.213E-05
14080500     0.439    0.290    0.141    5.222    0.406  0.387E-05
14101500     0.438    0.260    0.122    5.008    0.268  0.383E-05
14113000     0.442    0.267    0.125    5.009    0.304  0.397E-05
14232500     0.428    0.193    0.086    4.576    0.129  0.121E-04
14233400     0.427    0.186    0.081    4.517    0.123  0.134E-04
14308000     0.439    0.286    0.138    5.236    0.349  0.158E-05
14321000     0.446    0.298    0.150    5.545    0.399  0.214E-05
14359000     0.438    0.273    0.130    5.128    0.305  0.272E-05
