01048000  -69.9392   44.7072    514.   39.63
01055500  -70.2303   44.2694    169.   42.00
01060000  -70.1792   43.7992    141.   47.00
01064500  -71.0914   43.9908    385.   44.40
01076500  -71.6861   43.7592    622.   44.88
01127000  -71.9850   41.5980    713.   45.90
01138000  -71.9860   44.1540    395.   44.00
01197500  -73.3550   42.2320    282.   42.25
01200000  -73.5290   41.6590    203.   41.75
01321000  -74.2708   43.3528    491.   42.33
01329000  -73.1572   43.0772    152.   50.00
01329500  -73.4319   43.1014    394.   43.40
01334500  -73.3775   42.9386    510.   43.50
01348000  -74.7411   43.0167    289.   45.33
01361000  -73.7444   42.3306    329.   43.75
01371500  -74.1660   41.6860    711.   46.80
01372500  -73.8731   41.6531    181.   41.67
01421000  -75.1744   41.9731    784.   46.18
01423000  -75.1403   42.1661    332.   45.75
01426500  -75.3839   42.0031    595.   45.29
01445000  -74.7767   40.9811     31.   45.00
01445500  -74.9786   40.8306    106.   48.00
01500500  -75.3170   42.3210    982.   46.08
01503000  -75.8033   42.0353   2232.   45.63
01512500  -75.8486   42.2181   1483.   43.63
01514000  -76.2708   42.1292    185.   36.50
01518000  -77.1297   41.9083    282.   45.80
01520000  -77.1403   41.9967    298.   45.80
01520500  -77.1325   42.0286    771.   44.92
01531000  -76.6350   42.0022   2506.   43.97
01534000  -75.8950   41.5583    383.   44.29
01541000  -78.6772   40.8969    315.   41.20
01541500  -78.4061   40.9717    371.   43.50
01543500  -78.1033   41.3172    685.   43.71
01548500  -77.4478   41.5217    604.   45.75
01556000  -78.2000   40.4631    291.   41.00
01558000  -78.1408   40.6125    220.   41.67
01559000  -78.0190   40.4850    816.   42.00
01560000  -78.4928   40.0717    172.   43.67
01562000  -78.2656   40.2158    756.   42.18
01567000  -77.1294   40.4783   3354.   42.33
01574000  -76.7203   40.0822    510.   41.75
01595000  -79.3072   39.3019     73.   43.00
01606500  -79.1760   38.9910    642.   44.50
01608500  -78.6544   39.4469   1471.   44.47
01610000  -78.4578   39.5369   3109.   43.17
01611500  -78.3094   39.5786    677.   41.70
01628500  -78.7550   38.3220   1084.   43.31
01631000  -78.2111   38.9139   1642.   42.54
01634000  -78.3364   38.9767    768.   41.10
01643000  -77.3800   39.3880    817.   39.11
01649500  -76.9260   38.9600     73.   35.00
01663500  -77.9653   38.5917    287.   38.67
01664000  -77.8139   38.5306    620.   39.63
01667500  -77.9753   38.3503    472.   40.00
01668000  -77.5181   38.3222   1596.   40.48
01672500  -77.5490   37.7970    394.   42.33
01674500  -77.1630   37.8880    601.   40.57
02016000  -79.7597   37.7917    461.   45.50
02018000  -79.9117   37.6658    329.   45.50
02030500  -78.3778   37.7028    226.   41.75
02055000  -79.9389   37.2583    395.   41.75
02058400  -79.5250   36.9458    350.   36.50
02083500  -77.5333   35.8939   2183.   36.40
02102000  -79.1161   35.6272   1434.   36.00
02116500  -80.3861   35.8567   2280.   41.32
02118000  -80.6590   35.8450    306.   40.33
02121000  -80.3972   35.7250   3470.   40.96
02126000  -80.1758   35.1483   1372.   33.75
02135000  -79.2472   34.0569   2790.   34.03
02138500  -81.8903   35.7947     67.   36.00
02143000  -81.4030   35.6840     83.   42.00
02143040  -81.5672   35.5906     26.   42.00
02143500  -81.2644   35.4222     69.   37.00
02156500  -81.4222   34.5961   2790.   39.88
02165000  -82.1764   34.4444    236.   39.67
02174000  -80.8014   33.1764   1720.   34.14
02192000  -82.7700   33.9742   1430.   40.75
02202000  -81.8794   32.7106   1940.   34.00
02202500  -81.4161   32.1914   2650.   33.28
02217500  -83.4228   33.9467    398.   43.00
02218500  -83.2728   33.5811   1090.   40.29
02219500  -83.3494   33.6086    436.   36.75
02228000  -81.8675   31.2211   2790.   32.57
02236000  -81.3828   29.0081   3066.   29.42
02273000  -80.9628   27.2256   2886.   27.30
02296750  -81.8761   27.2219   1367.   30.00
02329000  -84.3842   30.5539   1140.   32.31
02339500  -85.1822   32.8861   3550.   39.29
02347500  -84.2325   32.7214   1850.   35.78
02349500  -84.0439   32.2981   2900.   35.92
02365500  -85.8280   30.7760   3499.   36.21
02375500  -87.2342   30.9650   3817.   37.63
02383500  -84.8331   34.5642    831.   39.22
02387000  -84.9280   34.6670    687.   39.13
02387500  -84.9414   34.5783   1602.   38.89
02414500  -85.5608   33.1167   1675.   35.59
02437000  -88.5508   33.9853   1928.   38.11
02448000  -88.5611   33.1022    768.   36.75
02456500  -86.9833   33.7097    885.   37.73
02472000  -89.4070   31.7070    743.   38.33
02475000  -88.8080   31.1030   3495.   37.61
02475500  -88.9097   32.3264    369.   40.00
02478500  -88.5480   31.1480   2690.   39.33
02479300  -88.7806   30.7361    441.   37.67
02482000  -89.3350   32.7980    904.   37.80
02486000  -90.1786   32.2817   3171.   37.76
02492000  -89.8972   30.6292   1213.   37.67
03010500  -78.3864   41.9633    550.   47.29
03011020  -78.7156   42.1564   1608.   41.18
03020500  -79.6956   41.4817    300.   27.00
03024000  -79.9561   41.4375   1028.    6.88
03032500  -79.3944   40.9944    528.   45.13
03050500  -79.8790   38.9250    272.   46.67
03051000  -79.9361   39.0292    408.   44.83
03054500  -80.0400   39.1500    916.   44.54
03065000  -79.6220   39.0720    345.   42.00
03069000  -79.6780   39.0960    214.   41.50
03069500  -79.6806   39.1222    718.   42.56
03070000  -79.6660   39.3470    937.   42.00
03075500  -79.4256   39.4219    134.   40.00
03079000  -79.2278   39.8597    382.   37.75
03109500  -80.5408   40.6758    496.   42.17
03111500  -80.7340   40.1930    123.   41.00
03114500  -80.9972   39.4750    458.   43.00
03136000  -82.1956   40.5147    948.   37.50
03155500  -81.2780   39.1190    452.   42.17
03159500  -82.0878   39.3289    943.   36.00
03161000  -81.4072   36.3931    205.   39.50
03164000  -80.9792   36.6472   1131.   42.00
03165500  -80.9530   36.8350   1340.   42.27
03167000  -80.8869   36.9394    247.   45.00
03168000  -80.7460   36.9370   2202.   42.04
03173000  -80.7097   37.2681    305.   45.40
03175500  -80.8500   37.3056    223.   44.00
03179000  -81.0106   37.5439    394.   42.20
03180500  -79.8333   38.5436    133.   43.50
03182500  -80.1308   38.1858    540.   45.71
03183500  -80.6417   37.7242   1364.   45.22
03184000  -80.8050   37.6400   1619.   44.90
03186500  -80.4842   38.3789    128.   47.00
03198500  -81.7117   38.1797    391.   40.00
03199000  -81.8360   38.0800    269.   42.67
03213000  -81.8440   37.4860    504.   42.00
03214000  -82.3890   37.8180   1188.   41.93
03237500  -83.4211   38.8036    387.   40.25
03238500  -83.9290   38.8580    218.   38.33
03251500  -84.2670   38.5980   2326.   39.52
03252500  -84.3031   38.3908    621.   40.00
03253500  -84.3108   38.7103   3300.   39.67
03265000  -84.3561   40.0578    503.   36.00
03266000  -84.2825   39.8694    650.   36.50
03269500  -83.8703   39.9231    490.   37.33
03274000  -84.5722   39.3911   3630.   36.91
03281500  -83.6772   37.4792    722.   41.44
03289500  -84.8150   38.2690    402.   41.17
03301500  -85.7039   37.7672   1299.   37.53
03303000  -86.2280   38.2370    284.   41.40
03308500  -85.8861   37.2681   1673.   37.79
03324300  -85.4536   40.7125    425.   38.20
03326500  -85.6594   40.5761    682.   37.82
03328500  -86.2639   40.7819    789.   40.90
03331500  -86.5640   41.1570    856.   40.30
03339500  -86.8994   40.0489    509.   38.40
03345500  -88.0194   38.9361   1516.   40.20
03346000  -87.9464   39.0103    318.   38.00
03348000  -85.6720   40.1060    406.   39.60
03349000  -86.0170   40.0470    858.   40.00
03361500  -85.7820   39.5290    421.   39.40
03361650  -85.8856   39.7142     94.   41.00
03362500  -85.9975   39.3608    474.   33.50
03363000  -85.9860   39.3390   1060.   38.81
03364000  -85.9256   39.2000   1707.   37.61
03365500  -85.8990   38.9830   2341.   37.16
03381500  -88.1597   38.0611   3102.   37.36
03410500  -84.5330   36.6270    954.   41.55
03438000  -87.7217   36.7778    244.   39.00
03443000  -82.6240   35.2990    296.   39.00
03448000  -82.5925   35.5019    676.   40.75
03451500  -82.5786   35.6092    945.   41.73
03455000  -83.1610   35.9820   1858.   39.95
03465500  -82.4575   36.1764    805.   37.82
03470000  -83.5780   35.8780    353.   38.00
03473000  -81.8442   36.6517    301.   43.00
03490000  -82.5680   36.6090    672.   40.70
03504000  -83.6192   35.1269     52.   42.00
03512000  -83.3536   35.4614    184.   40.67
03521500  -81.7810   37.0860    137.   40.50
03524000  -82.1550   36.9447    528.   39.71
03528000  -83.3983   36.4250   1474.   41.00
03531500  -83.0950   36.6620    319.   41.25
03532000  -83.6303   36.5417    685.   42.50
03540500  -84.5581   35.9831    764.   41.64
03550000  -83.9806   35.1389    104.   36.00
03567500  -85.2070   35.0140    428.   41.00
03574500  -86.3064   34.6242    320.   38.25
03603000  -87.7431   35.9300   2557.   40.56
04073500  -88.9522   43.9539   1340.   36.85
04079000  -88.7403   44.3922   2260.   42.03
04100500  -85.8486   41.5933    594.   40.67
04113000  -84.5550   42.7510   1230.   38.06
04115000  -84.6930   43.1100    434.   36.40
04144000  -83.9460   42.8240    368.   37.75
04164000  -82.9500   42.5780    444.   37.50
04165500  -82.9100   42.5960    734.   37.90
04176500  -83.5310   41.9610   1042.   40.23
04178000  -84.8020   41.3860    610.   40.00
04183500  -84.7444   41.1989   2129.   39.22
04185000  -84.4300   41.5040    410.   39.13
04191500  -84.3992   41.2375   2310.   33.52
04198000  -83.1589   41.3078   1251.   34.00
04201500  -81.8872   41.4067    267.   -1.33
04212000  -81.0467   41.7406    581.   -1.00
04221000  -77.9575   42.1222    288.   47.25
04221500  -77.9806   42.1639    308.   47.25
04223000  -78.0425   42.5703    984.   45.36
05053000  -96.7833   46.4681   2080.   28.67
05244000  -94.8789   46.6403   1010.   40.29
05280000  -93.7339   45.0867   2520.   36.55
05320500  -94.0411   44.1111   1110.   37.27
05383000  -91.1181   43.9014    398.   45.40
05408000  -90.6431   43.5742    266.   43.75
05410490  -90.8583   43.1828    687.   42.50
05410500  -90.8740   43.1910    690.   42.50
05412500  -91.2617   42.7400   1545.   40.57
05418500  -90.6344   42.0847   1553.   40.30
05422000  -90.5347   41.7669   2330.   38.66
05430500  -89.0706   42.6092   3340.   40.47
05435500  -89.6158   42.3036   1326.   41.89
05440000  -88.9986   42.1958   1099.   40.39
05447500  -90.1583   41.4889   1003.   39.08
05451500  -92.9075   42.0658   1564.   38.17
05452000  -92.3130   41.9640    201.   40.00
05454500  -91.5408   41.6567   3271.   39.04
05455500  -91.7156   41.4664    573.   40.67
05457700  -92.6731   43.0625   1054.   40.00
05458500  -92.4650   42.6483   1661.   40.29
05462000  -92.5958   42.6528   1746.   38.42
05471500  -92.6590   41.3550   1635.   38.39
05472500  -92.2044   41.3008    730.   37.43
05476500  -94.8439   43.3975   1372.   36.67
05479000  -94.1917   42.7239   1308.   36.06
05481000  -93.8033   42.4336    844.   38.45
05482500  -94.3767   41.9881   1619.   40.10
05484500  -93.9497   41.5339   3441.   40.50
05502040  -91.1490   39.6930     73.   29.00
05507500  -91.6720   39.5400   2230.   37.58
05508000  -91.4080   39.6120   2480.   37.29
05514500  -90.9833   39.0164    903.   37.30
05515500  -86.7010   41.4000    400.    4.57
05517000  -86.6210   41.3030    384.   37.80
05517500  -86.9640   41.2210   1160.   16.47
05518000  -87.3430   41.1830   1578.   14.35
05520500  -87.6686   41.1600   2294.   17.97
05526000  -87.8242   41.0089   2091.   34.39
05542000  -88.3597   41.2861    455.   41.17
05546500  -88.1792   42.5111    868.   40.46
05552500  -88.7910   41.3870   2642.   39.82
05554500  -88.6360   40.8780    579.   37.25
05555300  -88.9308   41.2083   1251.   38.06
05555500  -89.0122   41.2553   1278.   38.00
05569500  -90.2814   40.7089   1072.   37.57
05570000  -90.3428   40.4856   1636.   37.57
05582000  -89.7360   40.1340   1804.   37.00
05584500  -90.8990   40.3290    655.   40.57
05585000  -90.6319   40.0253   1293.   39.44
05592500  -89.0889   38.9597   1940.   40.36
05593000  -89.3561   38.6117   2719.   39.49
05594000  -89.4940   38.6100    735.   41.27
06191500 -110.7936   45.1119   2623.   24.30
06192500 -110.5653   45.5972   3551.   27.06
06225500 -109.0100   43.2420   1891.   22.67
06334500 -103.9731   45.5469   1970.   14.58
06340500 -101.6217   47.2853   2240.   21.70
06359500 -102.1561   45.1978   2660.   19.70
06426500 -104.9764   44.2956   1643.   15.85
06441500 -100.3839   44.3267   3107.   17.12
06446000 -102.8247   43.2547   2200.   15.93
06454500 -103.1708   42.4597   1400.   18.11
06480000  -96.7486   44.1800   3898.   30.82
06600500  -96.3119   42.5767    886.   37.08
06606600  -95.7969   42.4722   2500.   37.14
06607200  -95.8080   42.1580    669.   40.57
06609500  -95.7820   41.6420    871.   41.82
06799500  -96.5210   41.7140   1030.   35.69
06808500  -95.5800   40.8731   1326.   41.33
06810000  -95.6256   40.6325   2806.   41.37
06811500  -95.8128   40.3925    793.   37.30
06813000  -95.4089   40.3389    508.   41.83
06815000  -95.5920   40.0330   1340.   33.94
06817000  -95.0130   40.7390    762.   40.91
06817500  -95.0886   40.4450   1240.   40.81
06820500  -94.7030   39.6890   1760.   40.35
06847000  -99.8930   40.1200   1650.   22.11
06860000 -100.8550   38.7920   3555.   19.89
06868000  -98.5333   38.9333   1900.   21.50
06869500  -97.8739   39.0042   2820.   22.12
06883000  -98.0667   40.3328    979.   36.64
06884400  -96.8581   39.7758   3324.   37.21
06884500  -96.8611   39.7778   3509.   37.21
06885500  -96.4375   39.6842    410.   33.83
06888500  -96.1811   39.0622    316.   32.00
06890500  -95.4544   39.3508    922.   34.77
06892000  -95.0108   39.1164    406.   35.00
06894000  -94.3003   39.1006    184.   38.00
06897500  -93.9425   39.9269   2250.   37.90
06898000  -93.8081   40.6403    701.   39.82
06899500  -93.6442   40.0794   1670.   38.36
06908000  -93.1967   38.9922   1120.   38.43
06913500  -95.2569   38.6167   1250.   36.29
06914000  -95.2486   38.3336    334.   37.00
06928000  -92.4517   37.7592   1250.   42.47
06933500  -91.9772   37.9297   2840.   42.03
07019000  -90.5917   38.5056   3788.   40.29
07029500  -88.9767   35.2753   1480.   38.72
07049000  -93.8556   36.2006    263.   40.00
07052500  -93.4610   36.8050    987.   40.17
07056000  -92.7456   35.9839    829.   42.60
07057500  -92.2481   36.6228    561.   41.86
07058000  -92.3040   36.6260    570.   41.88
07067000  -91.0147   36.9914   1667.   43.00
07068000  -90.8475   36.6219   2038.   43.43
07069500  -91.1719   36.2053   1183.   42.60
07072000  -91.1133   36.3467   1134.   42.86
07074000  -91.4497   36.1103    473.   41.86
07144200  -97.3878   37.8322   1327.   25.39
07144780  -97.9358   37.8447    787.   25.25
07147070  -97.0125   37.7958    426.   31.50
07147800  -96.9944   37.2242   1880.   29.04
07152000  -97.2770   36.8110   1859.   27.96
07163000  -96.8680   36.1160     31.   32.00
07172000  -96.3150   37.0036    445.   32.20
07177500  -95.9540   36.2780    905.   34.73
07183000  -95.4306   37.8908   3818.   31.67
07186000  -94.5661   37.2456   1164.   36.35
07196500  -94.9208   35.9214    959.   39.31
07197000  -94.8383   35.9211    307.   42.40
07211500 -104.4933   36.2969   2850.   23.70
07221000 -104.7828   35.8003   1104.   25.19
07222500 -104.4431   35.4028    523.   21.00
07243500  -96.0650   35.6750   2018.   32.64
07252000  -94.0153   35.5769    373.   41.67
07261000  -92.4028   35.2989    169.   49.00
07288500  -90.5430   33.5470    767.   37.44
07289500  -89.9661   32.8806   1493.   35.42
07290000  -90.6967   32.3475   2812.   34.30
07307800 -100.0733   34.2275   2754.   20.47
07340000  -94.3875   33.9194   2662.   41.31
07346000  -94.4986   32.7494    850.   37.90
07346050  -94.7508   32.6725    383.   40.00
07346070  -94.3456   32.7139    675.   39.00
07348000  -93.8778   32.6458   3137.   38.95
07363500  -92.0258   33.7008   2102.   41.04
07375500  -90.3617   30.5064    646.   37.13
07378000  -91.0740   30.5120    284.   35.67
07378500  -90.9903   30.4639   1280.   39.88
08013500  -92.8139   30.6403    753.   36.22
08015500  -92.9153   30.5028   1700.   34.43
08032000  -95.4306   31.8922   1145.   36.69
08033500  -94.3986   31.0247   3636.   38.40
08055500  -96.9442   32.9658   2459.   30.93
08085500  -99.2242   32.9344   3988.   19.53
08095000  -97.5678   31.7858    968.   27.92
08103800  -98.0164   31.0817    818.   27.00
08146000  -98.7192   31.2131   3046.   19.40
08150000  -99.7219   30.4975   1856.   17.45
08150700  -99.1089   30.6606   3247.   18.81
08167500  -98.3828   29.8606   1315.   24.80
08171000  -98.0886   29.9942    355.   27.20
08171300  -97.9097   29.9792    412.   27.33
08172000  -97.6497   29.6650    838.   26.55
08189500  -97.2789   28.2917    690.   25.25
08205500  -99.1444   28.7364   3429.   24.15
08340500 -107.1890   35.5930   1390.    9.18
09127998 -107.6489   38.5261   3965.   31.30
09132500 -107.4336   38.9258    526.   33.50
09251000 -108.0292   40.5028   3410.   21.76
09292500 -110.3410   40.5120    132.   37.00
09299500 -109.9269   40.5869    113.   31.00
09430500 -108.5367   33.0611   1864.   23.77
09431500 -108.6750   32.7269   2829.   23.36
09442692 -108.5150   33.8914     94.   10.00
09444500 -109.2953   33.0494   2766.   22.42
09497500 -110.4990   33.7980   2849.   24.89
10296000 -119.4492   38.3797    180.   27.00
10296500 -119.4542   38.5153    250.   27.25
10301500 -119.0972   39.1528   2600.   18.88
10309000 -119.7030   38.8470    356.   24.80
10312000 -119.3111   39.2917   1302.   26.53
11025500 -116.8653   33.1069    112.   22.00
11080500 -117.8050   34.2360     85.   12.00
11138500 -120.1672   34.8397    281.   26.00
11160000 -121.9547   36.9914     40.   27.00
11210500 -118.9533   36.4067    519.   34.43
11213500 -119.1233   36.8633    952.   23.42
11222000 -119.3350   36.8167   1693.   28.52
11224500 -120.4697   36.2147     96.   28.00
11281000 -120.0119   37.8217     87.   40.50
11342000 -122.4161   40.9397    425.   29.20
11355500 -121.4236   40.6867    162.   45.33
11401500 -120.9269   40.0781    739.   35.00
11403000 -121.2175   40.0106   1025.   35.79
11413000 -120.9369   39.5250    250.   41.60
11427000 -121.0228   38.9361    342.   42.17
11497500 -121.2375   42.4472    513.   27.89
11501000 -121.8486   42.5847   1580.   28.19
11530000 -123.6708   41.0500   2853.   43.65
11532500 -124.0539   41.7894    609.   42.56
12027500 -123.0344   46.7761    895.   45.92
12098500 -121.9490   47.1510    401.   41.25
12134500 -121.6656   47.8375    535.   35.63
12144500 -121.8411   47.5453    375.   43.80
12149000 -121.9240   47.6660    603.   40.00
12340000 -113.7560   46.9000   2290.   31.66
12358500 -114.0092   48.4953   1128.   23.00
12413000 -116.2528   47.5722    895.   34.53
12413500 -116.3069   47.5639   1220.   34.75
12449500 -120.1150   48.3653   1301.   26.62
12449950 -119.9839   48.0775   1772.   26.70
12459000 -120.6128   47.5833   1000.   29.00
12462500 -120.4233   47.4994   1301.   30.50
13186000 -115.3056   43.4944    635.   27.60
13200000 -115.9889   43.6481    399.   31.20
13298500 -114.2550   44.3786   1800.   25.33
13302500 -113.8944   45.1833   3760.   24.04
13336500 -115.5128   46.0867   1910.   37.93
13337000 -115.5864   46.1506   1180.   38.47
13340500 -115.5078   46.6314    996.   37.50
13340600 -115.6197   46.8406   1360.   37.19
13351000 -118.1478   46.7586   2500.   27.68
14080500 -120.7944   44.1139   2700.   20.61
14101500 -121.0939   45.2417    417.   42.67
14113000 -121.2089   45.7567   1297.   35.11
14232500 -121.8628   46.4417    321.   37.14
14233400 -122.0975   46.4703   1030.   37.73
14308000 -122.9472   42.9306    449.   46.17
14321000 -123.5542   43.5861   3683.   44.04
14359000 -122.9861   42.4375   2053.   43.23
