01048000  -69.9392   44.7072    514.  0.40  0.21  0.44  0.69  1.07  1.33  1.33  1.33  1.22  0.85  0.62  0.43
01055500  -70.2303   44.2694    169.  0.43  0.21  0.49  0.73  1.11  1.33  1.33  1.32  1.20  0.89  0.69  0.47
01060000  -70.1792   43.7992    141.  0.45  0.21  0.54  0.76  1.06  1.31  1.31  1.28  1.17  0.95  0.76  0.59
01064500  -71.0914   43.9908    385.  0.47  0.28  0.52  0.71  1.09  1.33  1.32  1.31  1.24  0.84  0.66  0.48
01076500  -71.6861   43.7592    622.  0.43  0.21  0.51  0.73  1.09  1.33  1.33  1.32  1.21  0.88  0.68  0.47
01127000  -71.9850   41.5980    713.  0.48  0.47  0.58  0.65  1.05  1.33  1.31  1.23  1.22  0.91  0.63  0.51
01138000  -71.9860   44.1540    395.  0.40  0.21  0.48  0.73  1.08  1.33  1.33  1.31  1.21  0.88  0.67  0.46
01197500  -73.3550   42.2320    282.  0.44  0.45  0.54  0.70  1.13  1.33  1.33  1.32  1.25  0.89  0.66  0.51
01200000  -73.5290   41.6590    203.  0.40  0.41  0.53  0.66  1.15  1.33  1.28  1.23  1.20  0.91  0.61  0.48
01321000  -74.2708   43.3528    491.  0.29  0.21  0.40  0.65  1.18  1.33  1.33  1.31  1.20  0.72  0.56  0.37
01329000  -73.1572   43.0772    152.  0.40  0.21  0.48  0.68  1.07  1.32  1.33  1.32  1.21  0.88  0.66  0.48
01329500  -73.4319   43.1014    394.  0.40  0.21  0.46  0.68  1.08  1.30  1.30  1.28  1.18  0.88  0.65  0.47
01334500  -73.3775   42.9386    510.  0.41  0.24  0.50  0.68  1.08  1.32  1.31  1.30  1.21  0.86  0.66  0.48
01348000  -74.7411   43.0167    289.  0.25  0.21  0.43  0.70  1.21  1.33  1.32  1.30  1.21  0.86  0.66  0.37
01361000  -73.7444   42.3306    329.  0.40  0.29  0.54  0.70  1.14  1.33  1.30  1.28  1.21  0.86  0.63  0.48
01371500  -74.1660   41.6860    711.  0.40  0.42  0.59  0.67  1.12  1.33  1.29  1.23  1.17  0.90  0.62  0.49
01372500  -73.8731   41.6531    181.  0.39  0.41  0.55  0.67  1.15  1.33  1.28  1.22  1.18  0.89  0.61  0.49
01421000  -75.1744   41.9731    784.  0.33  0.23  0.55  0.68  1.13  1.33  1.33  1.32  1.22  0.84  0.59  0.47
01423000  -75.1403   42.1661    332.  0.32  0.21  0.54  0.67  1.15  1.33  1.33  1.33  1.23  0.84  0.59  0.45
01426500  -75.3839   42.0031    595.  0.32  0.21  0.55  0.69  1.15  1.33  1.33  1.32  1.20  0.86  0.60  0.45
01445000  -74.7767   40.9811     31.  0.42  0.38  0.55  0.67  1.10  1.31  1.25  1.22  1.16  0.90  0.61  0.50
01445500  -74.9786   40.8306    106.  0.44  0.40  0.54  0.69  1.10  1.27  1.22  1.19  1.14  0.92  0.63  0.50
01500500  -75.3170   42.3210    982.  0.32  0.21  0.53  0.71  1.16  1.33  1.32  1.31  1.23  0.88  0.66  0.44
01503000  -75.8033   42.0353   2232.  0.32  0.21  0.54  0.72  1.16  1.33  1.31  1.30  1.21  0.89  0.65  0.43
01512500  -75.8486   42.2181   1483.  0.28  0.21  0.52  0.70  1.17  1.31  1.30  1.29  1.21  0.89  0.61  0.36
01514000  -76.2708   42.1292    185.  0.34  0.21  0.57  0.72  1.15  1.30  1.30  1.29  1.20  0.91  0.62  0.41
01518000  -77.1297   41.9083    282.  0.34  0.21  0.56  0.66  1.26  1.33  1.33  1.33  1.24  0.85  0.56  0.42
01520000  -77.1403   41.9967    298.  0.34  0.21  0.57  0.66  1.26  1.33  1.33  1.33  1.24  0.85  0.57  0.42
01520500  -77.1325   42.0286    771.  0.37  0.24  0.58  0.65  1.24  1.33  1.33  1.33  1.24  0.86  0.57  0.44
01531000  -76.6350   42.0022   2506.  0.34  0.22  0.57  0.67  1.20  1.32  1.32  1.31  1.23  0.88  0.62  0.43
01534000  -75.8950   41.5583    383.  0.41  0.23  0.59  0.71  1.16  1.32  1.30  1.27  1.16  0.92  0.66  0.49
01541000  -78.6772   40.8969    315.  0.37  0.43  0.53  0.68  1.14  1.30  1.23  1.23  1.14  0.92  0.58  0.44
01541500  -78.4061   40.9717    371.  0.35  0.41  0.55  0.67  1.13  1.30  1.25  1.24  1.14  0.89  0.59  0.42
01543500  -78.1033   41.3172    685.  0.34  0.42  0.54  0.66  1.17  1.33  1.32  1.31  1.17  0.86  0.51  0.42
01548500  -77.4478   41.5217    604.  0.37  0.37  0.57  0.63  1.27  1.33  1.33  1.33  1.23  0.82  0.51  0.43
01556000  -78.2000   40.4631    291.  0.37  0.42  0.55  0.69  1.15  1.29  1.25  1.21  1.13  0.93  0.62  0.43
01558000  -78.1408   40.6125    220.  0.35  0.41  0.55  0.68  1.14  1.28  1.27  1.22  1.13  0.91  0.61  0.42
01559000  -78.0190   40.4850    816.  0.36  0.41  0.55  0.68  1.16  1.28  1.26  1.22  1.13  0.92  0.62  0.43
01560000  -78.4928   40.0717    172.  0.40  0.45  0.57  0.69  1.15  1.29  1.24  1.23  1.13  0.95  0.63  0.44
01562000  -78.2656   40.2158    756.  0.42  0.46  0.58  0.70  1.19  1.30  1.24  1.22  1.13  0.96  0.64  0.45
01567000  -77.1294   40.4783   3354.  0.41  0.43  0.57  0.71  1.20  1.29  1.25  1.21  1.13  0.95  0.64  0.47
01574000  -76.7203   40.0822    510.  0.47  0.46  0.64  0.85  1.14  1.18  1.12  1.11  1.05  0.97  0.74  0.54
01595000  -79.3072   39.3019     73.  0.47  0.49  0.58  0.69  1.24  1.33  1.33  1.33  1.29  0.96  0.59  0.50
01606500  -79.1760   38.9910    642.  0.53  0.55  0.64  0.73  1.24  1.33  1.33  1.32  1.28  0.94  0.63  0.51
01608500  -78.6544   39.4469   1471.  0.53  0.54  0.64  0.74  1.26  1.33  1.32  1.29  1.26  0.94  0.64  0.51
01610000  -78.4578   39.5369   3109.  0.49  0.51  0.61  0.72  1.24  1.33  1.31  1.27  1.22  0.95  0.63  0.50
01611500  -78.3094   39.5786    677.  0.52  0.54  0.65  0.74  1.28  1.32  1.27  1.18  1.17  0.97  0.66  0.52
01628500  -78.7550   38.3220   1084.  0.61  0.59  0.70  0.84  1.26  1.30  1.26  1.21  1.21  0.99  0.73  0.61
01631000  -78.2111   38.9139   1642.  0.60  0.58  0.71  0.86  1.25  1.28  1.24  1.18  1.19  0.99  0.73  0.62
01634000  -78.3364   38.9767    768.  0.58  0.58  0.72  0.84  1.24  1.30  1.25  1.19  1.18  0.97  0.71  0.59
01643000  -77.3800   39.3880    817.  0.50  0.49  0.66  0.88  1.15  1.17  1.12  1.08  1.05  0.97  0.73  0.53
01649500  -76.9260   38.9600     73.  0.47  0.46  0.59  0.75  1.10  1.10  1.02  0.93  0.97  0.91  0.65  0.51
01663500  -77.9653   38.5917    287.  0.57  0.57  0.70  0.86  1.26  1.27  1.23  1.15  1.17  1.03  0.72  0.61
01664000  -77.8139   38.5306    620.  0.56  0.57  0.69  0.86  1.26  1.27  1.23  1.15  1.16  1.03  0.72  0.60
01667500  -77.9753   38.3503    472.  0.58  0.56  0.70  0.88  1.26  1.25  1.22  1.15  1.16  1.03  0.72  0.62
01668000  -77.5181   38.3222   1596.  0.57  0.56  0.69  0.87  1.25  1.26  1.22  1.14  1.15  1.03  0.72  0.61
01672500  -77.5490   37.7970    394.  0.62  0.59  0.71  0.86  1.25  1.25  1.16  1.11  1.13  1.03  0.70  0.60
01674500  -77.1630   37.8880    601.  0.61  0.59  0.71  0.85  1.19  1.24  1.14  1.10  1.12  0.99  0.68  0.58
02016000  -79.7597   37.7917    461.  0.60  0.59  0.67  0.75  1.24  1.33  1.32  1.28  1.24  0.91  0.65  0.54
02018000  -79.9117   37.6658    329.  0.59  0.63  0.67  0.83  1.25  1.30  1.22  1.22  1.20  0.98  0.70  0.59
02030500  -78.3778   37.7028    226.  0.65  0.65  0.71  0.87  1.24  1.21  1.13  1.12  1.13  1.03  0.72  0.63
02055000  -79.9389   37.2583    395.  0.60  0.63  0.69  0.88  1.25  1.26  1.17  1.18  1.17  1.00  0.75  0.61
02058400  -79.5250   36.9458    350.  0.60  0.64  0.67  0.86  1.27  1.22  1.17  1.15  1.15  0.99  0.69  0.59
02083500  -77.5333   35.8939   2183.  0.61  0.63  0.68  0.82  1.01  0.99  1.01  1.00  1.02  0.91  0.65  0.59
02102000  -79.1161   35.6272   1434.  0.63  0.67  0.70  0.91  1.12  1.06  1.02  1.03  1.03  0.96  0.69  0.61
02116500  -80.3861   35.8567   2280.  0.61  0.65  0.72  0.89  1.15  1.19  1.15  1.15  1.16  0.95  0.69  0.61
02118000  -80.6590   35.8450    306.  0.60  0.65  0.72  0.91  1.11  1.10  1.05  1.06  1.08  0.91  0.68  0.60
02121000  -80.3972   35.7250   3470.  0.61  0.65  0.72  0.89  1.13  1.15  1.11  1.11  1.13  0.93  0.68  0.61
02126000  -80.1758   35.1483   1372.  0.62  0.66  0.74  0.97  1.04  0.97  0.97  0.97  1.00  0.89  0.65  0.60
02135000  -79.2472   34.0569   2790.  0.60  0.63  0.67  0.82  0.91  0.90  0.94  0.95  0.96  0.86  0.64  0.59
02138500  -81.8903   35.7947     67.  0.65  0.69  0.72  0.87  1.22  1.33  1.31  1.32  1.28  0.98  0.66  0.60
02143000  -81.4030   35.6840     83.  0.64  0.69  0.72  0.95  1.18  1.20  1.13  1.14  1.15  0.98  0.68  0.60
02143040  -81.5672   35.5906     26.  0.64  0.67  0.71  0.96  1.16  1.17  1.10  1.10  1.14  0.97  0.68  0.60
02143500  -81.2644   35.4222     69.  0.61  0.67  0.73  0.96  1.09  1.06  1.01  1.03  1.08  0.95  0.69  0.61
02156500  -81.4222   34.5961   2790.  0.63  0.67  0.72  0.95  1.13  1.13  1.07  1.05  1.10  0.95  0.70  0.62
02165000  -82.1764   34.4444    236.  0.63  0.67  0.74  0.95  1.08  1.01  0.97  0.97  1.03  0.93  0.71  0.65
02174000  -80.8014   33.1764   1720.  0.67  0.65  0.69  0.87  0.93  0.89  0.89  0.88  0.90  0.87  0.70  0.65
02192000  -82.7700   33.9742   1430.  0.67  0.72  0.79  0.98  1.11  1.04  1.00  0.98  1.03  0.96  0.74  0.68
02202000  -81.8794   32.7106   1940.  0.64  0.68  0.71  0.92  1.00  0.93  0.94  0.91  0.93  0.89  0.72  0.67
02202500  -81.4161   32.1914   2650.  0.64  0.67  0.71  0.90  0.96  0.90  0.93  0.92  0.94  0.87  0.71  0.66
02217500  -83.4228   33.9467    398.  0.63  0.68  0.72  0.91  1.04  0.99  0.96  0.91  0.96  0.91  0.72  0.64
02218500  -83.2728   33.5811   1090.  0.65  0.70  0.76  0.94  1.07  1.01  0.97  0.95  0.98  0.92  0.72  0.66
02219500  -83.3494   33.6086    436.  0.66  0.71  0.75  0.94  1.07  0.98  0.95  0.93  0.95  0.91  0.72  0.66
02228000  -81.8675   31.2211   2790.  0.73  0.76  0.78  0.83  0.90  0.91  0.95  0.93  0.94  0.86  0.77  0.75
02236000  -81.3828   29.0081   3066.  0.64  0.67  0.74  0.81  0.80  0.80  0.83  0.81  0.78  0.78  0.75  0.70
02273000  -80.9628   27.2256   2886.  0.65  0.68  0.74  0.80  0.78  0.78  0.84  0.82  0.81  0.81  0.76  0.72
02296750  -81.8761   27.2219   1367.  0.66  0.70  0.75  0.81  0.78  0.77  0.83  0.80  0.82  0.82  0.75  0.72
02329000  -84.3842   30.5539   1140.  0.69  0.69  0.73  0.88  0.93  0.93  0.98  0.95  0.94  0.85  0.78  0.70
02339500  -85.1822   32.8861   3550.  0.66  0.69  0.73  0.93  1.14  1.11  1.05  0.98  1.03  0.95  0.74  0.67
02347500  -84.2325   32.7214   1850.  0.67  0.71  0.74  0.94  1.11  1.06  0.98  0.93  0.98  0.96  0.76  0.68
02349500  -84.0439   32.2981   2900.  0.67  0.70  0.72  0.92  1.08  1.04  0.96  0.93  0.97  0.94  0.75  0.69
02365500  -85.8280   30.7760   3499.  0.70  0.71  0.73  0.90  0.98  0.96  0.95  0.91  0.95  0.89  0.80  0.72
02375500  -87.2342   30.9650   3817.  0.76  0.78  0.80  0.98  1.06  1.05  0.99  0.93  0.99  0.95  0.86  0.80
02383500  -84.8331   34.5642    831.  0.67  0.70  0.74  0.94  1.13  1.12  1.12  1.07  1.08  0.95  0.73  0.66
02387000  -84.9280   34.6670    687.  0.66  0.68  0.74  0.97  1.15  1.13  1.13  1.07  1.08  0.97  0.73  0.66
02387500  -84.9414   34.5783   1602.  0.66  0.69  0.74  0.96  1.14  1.12  1.12  1.07  1.08  0.96  0.73  0.66
02414500  -85.5608   33.1167   1675.  0.68  0.69  0.73  0.95  1.16  1.16  1.08  0.99  1.05  0.96  0.76  0.68
02437000  -88.5508   33.9853   1928.  0.57  0.58  0.66  0.87  1.02  1.05  1.07  1.06  1.03  0.86  0.65  0.56
02448000  -88.5611   33.1022    768.  0.67  0.64  0.71  0.97  1.14  1.18  1.08  1.07  1.02  0.91  0.74  0.68
02456500  -86.9833   33.7097    885.  0.63  0.63  0.70  0.96  1.14  1.14  1.08  0.99  0.98  0.93  0.73  0.64
02472000  -89.4070   31.7070    743.  0.71  0.68  0.79  1.04  1.12  1.13  1.05  0.98  0.99  0.89  0.79  0.72
02475000  -88.8080   31.1030   3495.  0.73  0.70  0.80  1.02  1.09  1.09  1.02  0.94  0.99  0.91  0.83  0.77
02475500  -88.9097   32.3264    369.  0.70  0.68  0.77  1.03  1.15  1.18  1.09  1.04  1.04  0.89  0.76  0.73
02478500  -88.5480   31.1480   2690.  0.74  0.72  0.78  1.02  1.13  1.14  1.06  0.97  1.04  0.93  0.82  0.78
02479300  -88.7806   30.7361    441.  0.80  0.75  0.83  1.00  1.03  1.04  0.98  0.91  0.97  0.92  0.88  0.84
02482000  -89.3350   32.7980    904.  0.68  0.65  0.74  0.98  1.15  1.18  1.10  1.06  1.00  0.90  0.74  0.71
02486000  -90.1786   32.2817   3171.  0.66  0.65  0.74  0.99  1.12  1.15  1.09  1.05  0.99  0.88  0.74  0.68
02492000  -89.8972   30.6292   1213.  0.73  0.70  0.85  1.05  1.09  1.11  1.04  1.01  1.03  0.90  0.85  0.80
03010500  -78.3864   41.9633    550.  0.31  0.41  0.51  0.63  1.27  1.33  1.33  1.33  1.23  0.84  0.48  0.36
03011020  -78.7156   42.1564   1608.  0.29  0.33  0.52  0.65  1.27  1.33  1.33  1.33  1.24  0.84  0.51  0.34
03020500  -79.6956   41.4817    300.  0.32  0.47  0.54  0.69  1.20  1.33  1.32  1.32  1.21  0.96  0.54  0.41
03024000  -79.9561   41.4375   1028.  0.31  0.50  0.55  0.72  1.19  1.32  1.30  1.30  1.22  0.91  0.55  0.36
03032500  -79.3944   40.9944    528.  0.37  0.44  0.52  0.69  1.13  1.31  1.23  1.23  1.14  0.90  0.60  0.42
03050500  -79.8790   38.9250    272.  0.48  0.50  0.60  0.69  1.31  1.33  1.33  1.33  1.33  0.93  0.57  0.47
03051000  -79.9361   39.0292    408.  0.48  0.50  0.59  0.69  1.31  1.33  1.33  1.33  1.32  0.94  0.57  0.47
03054500  -80.0400   39.1500    916.  0.48  0.49  0.59  0.70  1.32  1.33  1.33  1.32  1.30  0.94  0.56  0.45
03065000  -79.6220   39.0720    345.  0.49  0.51  0.61  0.71  1.24  1.33  1.33  1.33  1.32  0.94  0.58  0.50
03069000  -79.6780   39.0960    214.  0.49  0.51  0.60  0.70  1.28  1.33  1.33  1.33  1.32  0.94  0.58  0.49
03069500  -79.6806   39.1222    718.  0.49  0.51  0.61  0.70  1.25  1.33  1.33  1.33  1.32  0.94  0.58  0.50
03070000  -79.6660   39.3470    937.  0.48  0.50  0.60  0.71  1.25  1.33  1.33  1.32  1.30  0.95  0.59  0.50
03075500  -79.4256   39.4219    134.  0.46  0.49  0.57  0.70  1.24  1.33  1.33  1.33  1.27  0.97  0.59  0.51
03079000  -79.2278   39.8597    382.  0.43  0.49  0.56  0.71  1.17  1.32  1.32  1.31  1.19  0.97  0.62  0.49
03109500  -80.5408   40.6758    496.  0.42  0.48  0.51  0.75  1.12  1.26  1.24  1.22  1.14  0.91  0.59  0.46
03111500  -80.7340   40.1930    123.  0.44  0.48  0.52  0.80  1.21  1.28  1.26  1.21  1.16  0.92  0.58  0.46
03114500  -80.9972   39.4750    458.  0.46  0.49  0.55  0.75  1.29  1.31  1.31  1.23  1.21  0.92  0.53  0.43
03136000  -82.1956   40.5147    948.  0.38  0.41  0.48  0.65  0.91  1.02  1.16  1.26  1.18  0.78  0.47  0.34
03155500  -81.2780   39.1190    452.  0.49  0.49  0.57  0.78  1.26  1.32  1.29  1.20  1.16  0.93  0.57  0.44
03159500  -82.0878   39.3289    943.  0.43  0.47  0.53  0.74  1.12  1.22  1.25  1.20  1.14  0.85  0.51  0.41
03161000  -81.4072   36.3931    205.  0.65  0.69  0.73  0.84  1.17  1.33  1.33  1.33  1.30  0.96  0.69  0.64
03164000  -80.9792   36.6472   1131.  0.64  0.65  0.73  0.86  1.17  1.33  1.32  1.31  1.28  0.98  0.72  0.63
03165500  -80.9530   36.8350   1340.  0.64  0.65  0.73  0.86  1.17  1.32  1.31  1.30  1.28  0.98  0.73  0.64
03167000  -80.8869   36.9394    247.  0.60  0.59  0.73  0.89  1.21  1.31  1.29  1.26  1.24  1.01  0.74  0.63
03168000  -80.7460   36.9370   2202.  0.63  0.63  0.73  0.88  1.19  1.31  1.28  1.27  1.25  0.99  0.74  0.65
03173000  -80.7097   37.2681    305.  0.58  0.58  0.71  0.87  1.22  1.31  1.26  1.24  1.24  0.99  0.72  0.59
03175500  -80.8500   37.3056    223.  0.56  0.57  0.69  0.84  1.21  1.32  1.29  1.26  1.24  0.98  0.68  0.57
03179000  -81.0106   37.5439    394.  0.52  0.55  0.63  0.75  1.21  1.33  1.31  1.27  1.24  0.92  0.59  0.51
03180500  -79.8333   38.5436    133.  0.52  0.53  0.63  0.71  1.26  1.33  1.33  1.33  1.33  0.92  0.61  0.51
03182500  -80.1308   38.1858    540.  0.53  0.55  0.63  0.73  1.28  1.33  1.33  1.33  1.31  0.91  0.63  0.53
03183500  -80.6417   37.7242   1364.  0.53  0.55  0.64  0.76  1.27  1.33  1.31  1.30  1.28  0.92  0.63  0.53
03184000  -80.8050   37.6400   1619.  0.53  0.56  0.64  0.76  1.27  1.33  1.30  1.30  1.27  0.92  0.63  0.52
03186500  -80.4842   38.3789    128.  0.50  0.52  0.61  0.72  1.30  1.33  1.33  1.33  1.30  0.92  0.60  0.49
03198500  -81.7117   38.1797    391.  0.45  0.50  0.49  0.67  1.32  1.31  1.30  1.27  1.18  0.87  0.47  0.38
03199000  -81.8360   38.0800    269.  0.44  0.47  0.48  0.68  1.33  1.30  1.28  1.24  1.14  0.86  0.45  0.36
03213000  -81.8440   37.4860    504.  0.48  0.51  0.58  0.73  1.22  1.33  1.30  1.26  1.20  0.92  0.55  0.46
03214000  -82.3890   37.8180   1188.  0.46  0.48  0.53  0.70  1.27  1.31  1.26  1.23  1.15  0.89  0.50  0.42
03237500  -83.4211   38.8036    387.  0.48  0.50  0.58  0.83  1.09  1.16  1.17  1.13  1.06  0.87  0.61  0.48
03238500  -83.9290   38.8580    218.  0.46  0.49  0.56  0.81  1.10  1.17  1.16  1.13  1.06  0.85  0.60  0.47
03251500  -84.2670   38.5980   2326.  0.53  0.54  0.63  0.90  1.24  1.24  1.20  1.13  1.09  0.97  0.67  0.53
03252500  -84.3031   38.3908    621.  0.57  0.57  0.71  1.05  1.18  1.13  1.12  1.05  1.04  1.01  0.81  0.64
03253500  -84.3108   38.7103   3300.  0.54  0.55  0.64  0.93  1.23  1.21  1.18  1.10  1.08  0.98  0.70  0.56
03265000  -84.3561   40.0578    503.  0.31  0.32  0.38  0.58  0.72  0.85  1.10  1.24  1.06  0.67  0.42  0.35
03266000  -84.2825   39.8694    650.  0.32  0.32  0.39  0.59  0.74  0.86  1.10  1.24  1.06  0.67  0.42  0.35
03269500  -83.8703   39.9231    490.  0.36  0.36  0.45  0.65  0.78  0.96  1.13  1.19  1.01  0.68  0.46  0.37
03274000  -84.5722   39.3911   3630.  0.35  0.36  0.43  0.65  0.81  0.94  1.13  1.20  1.04  0.70  0.46  0.37
03281500  -83.6772   37.4792    722.  0.54  0.54  0.59  0.83  1.26  1.27  1.24  1.20  1.15  0.96  0.58  0.47
03289500  -84.8150   38.2690    402.  0.56  0.57  0.68  1.00  1.17  1.13  1.14  1.06  1.03  0.98  0.76  0.63
03301500  -85.7039   37.7672   1299.  0.52  0.52  0.65  0.95  1.18  1.16  1.16  1.13  1.08  0.94  0.68  0.56
03303000  -86.2280   38.2370    284.  0.47  0.48  0.55  0.89  1.21  1.22  1.22  1.15  1.10  0.90  0.60  0.47
03308500  -85.8861   37.2681   1673.  0.55  0.54  0.67  0.96  1.20  1.19  1.17  1.15  1.13  0.96  0.69  0.57
03324300  -85.4536   40.7125    425.  0.27  0.25  0.36  0.51  0.64  0.80  1.11  1.27  1.06  0.59  0.39  0.29
03326500  -85.6594   40.5761    682.  0.28  0.26  0.36  0.51  0.66  0.80  1.11  1.27  1.06  0.60  0.40  0.31
03328500  -86.2639   40.7819    789.  0.28  0.26  0.37  0.54  0.72  0.89  1.19  1.30  1.07  0.64  0.43  0.27
03331500  -86.5640   41.1570    856.  0.27  0.26  0.37  0.52  0.71  0.89  1.19  1.30  1.06  0.63  0.43  0.27
03339500  -86.8994   40.0489    509.  0.28  0.27  0.35  0.56  0.77  0.89  1.22  1.27  1.06  0.64  0.44  0.33
03345500  -88.0194   38.9361   1516.  0.26  0.31  0.36  0.56  0.71  0.86  1.20  1.27  0.97  0.56  0.40  0.30
03346000  -87.9464   39.0103    318.  0.31  0.36  0.40  0.64  0.79  0.84  1.15  1.27  1.02  0.59  0.44  0.33
03348000  -85.6720   40.1060    406.  0.29  0.28  0.37  0.54  0.69  0.81  1.10  1.25  1.07  0.64  0.42  0.35
03349000  -86.0170   40.0470    858.  0.29  0.27  0.37  0.52  0.67  0.80  1.11  1.23  1.04  0.62  0.42  0.33
03361500  -85.7820   39.5290    421.  0.32  0.31  0.38  0.56  0.72  0.82  1.13  1.22  1.04  0.65  0.44  0.37
03361650  -85.8856   39.7142     94.  0.35  0.32  0.42  0.64  0.83  0.86  1.08  1.14  1.01  0.70  0.49  0.41
03362500  -85.9975   39.3608    474.  0.34  0.34  0.40  0.59  0.79  0.90  1.17  1.23  1.06  0.68  0.44  0.38
03363000  -85.9860   39.3390   1060.  0.34  0.33  0.41  0.62  0.84  0.91  1.15  1.20  1.06  0.70  0.47  0.39
03364000  -85.9256   39.2000   1707.  0.34  0.34  0.41  0.62  0.85  0.93  1.16  1.21  1.07  0.70  0.47  0.39
03365500  -85.8990   38.9830   2341.  0.35  0.36  0.42  0.64  0.89  0.96  1.18  1.20  1.08  0.72  0.47  0.40
03381500  -88.1597   38.0611   3102.  0.37  0.42  0.46  0.73  0.87  0.87  1.09  1.18  1.00  0.66  0.51  0.42
03410500  -84.5330   36.6270    954.  0.60  0.62  0.67  0.86  1.25  1.29  1.25  1.19  1.20  0.97  0.66  0.57
03438000  -87.7217   36.7778    244.  0.49  0.48  0.55  0.88  1.19  1.18  1.20  1.12  1.07  0.89  0.60  0.46
03443000  -82.6240   35.2990    296.  0.67  0.72  0.74  0.91  1.23  1.31  1.26  1.24  1.22  0.98  0.72  0.65
03448000  -82.5925   35.5019    676.  0.65  0.70  0.73  0.89  1.23  1.31  1.28  1.25  1.23  0.97  0.70  0.64
03451500  -82.5786   35.6092    945.  0.65  0.69  0.73  0.88  1.22  1.31  1.29  1.26  1.24  0.97  0.69  0.63
03455000  -83.1610   35.9820   1858.  0.65  0.68  0.73  0.88  1.21  1.31  1.30  1.25  1.24  0.99  0.69  0.63
03465500  -82.4575   36.1764    805.  0.63  0.65  0.73  0.88  1.19  1.30  1.30  1.27  1.25  0.99  0.68  0.61
03470000  -83.5780   35.8780    353.  0.66  0.67  0.72  0.90  1.20  1.24  1.23  1.17  1.16  0.98  0.68  0.61
03473000  -81.8442   36.6517    301.  0.60  0.62  0.72  0.89  1.16  1.31  1.29  1.28  1.23  1.00  0.72  0.61
03490000  -82.5680   36.6090    672.  0.57  0.60  0.71  0.92  1.19  1.27  1.24  1.21  1.17  0.99  0.70  0.58
03504000  -83.6192   35.1269     52.  0.66  0.70  0.73  0.90  1.24  1.29  1.29  1.28  1.23  1.02  0.70  0.66
03512000  -83.3536   35.4614    184.  0.66  0.68  0.70  0.86  1.21  1.33  1.31  1.27  1.24  0.99  0.66  0.59
03521500  -81.7810   37.0860    137.  0.53  0.56  0.67  0.84  1.20  1.32  1.28  1.27  1.21  0.98  0.66  0.53
03524000  -82.1550   36.9447    528.  0.54  0.57  0.67  0.85  1.21  1.30  1.26  1.25  1.20  0.98  0.65  0.54
03528000  -83.3983   36.4250   1474.  0.55  0.57  0.67  0.88  1.21  1.28  1.24  1.21  1.18  0.97  0.65  0.54
03531500  -83.0950   36.6620    319.  0.53  0.55  0.63  0.85  1.25  1.31  1.28  1.25  1.21  0.98  0.61  0.51
03532000  -83.6303   36.5417    685.  0.54  0.56  0.65  0.88  1.23  1.28  1.24  1.21  1.18  0.98  0.63  0.52
03540500  -84.5581   35.9831    764.  0.60  0.62  0.69  0.89  1.22  1.26  1.24  1.20  1.19  0.97  0.67  0.59
03550000  -83.9806   35.1389    104.  0.67  0.69  0.72  0.89  1.21  1.27  1.29  1.26  1.21  1.00  0.71  0.65
03567500  -85.2070   35.0140    428.  0.64  0.65  0.73  0.97  1.16  1.16  1.15  1.10  1.11  0.98  0.70  0.63
03574500  -86.3064   34.6242    320.  0.51  0.52  0.67  0.92  1.07  1.06  1.12  1.05  1.02  0.89  0.64  0.53
03603000  -87.7431   35.9300   2557.  0.54  0.56  0.67  0.92  1.25  1.24  1.21  1.10  1.09  0.95  0.69  0.57
04073500  -88.9522   43.9539   1340.  0.21  0.21  0.40  0.61  0.97  1.14  1.20  1.19  1.11  0.72  0.52  0.26
04079000  -88.7403   44.3922   2260.  0.21  0.21  0.38  0.63  1.05  1.25  1.28  1.22  1.14  0.72  0.52  0.26
04100500  -85.8486   41.5933    594.  0.30  0.27  0.41  0.61  0.81  0.93  1.15  1.27  1.10  0.72  0.49  0.31
04113000  -84.5550   42.7510   1230.  0.28  0.21  0.41  0.66  0.97  1.09  1.17  1.18  1.10  0.79  0.47  0.28
04115000  -84.6930   43.1100    434.  0.25  0.21  0.38  0.64  0.91  1.01  1.09  1.16  1.09  0.75  0.47  0.27
04144000  -83.9460   42.8240    368.  0.28  0.21  0.43  0.67  0.99  1.10  1.15  1.16  1.11  0.81  0.47  0.28
04164000  -82.9500   42.5780    444.  0.26  0.26  0.44  0.63  0.95  1.04  1.01  1.00  0.97  0.74  0.48  0.30
04165500  -82.9100   42.5960    734.  0.26  0.26  0.44  0.63  0.94  1.03  1.00  0.99  0.97  0.74  0.49  0.30
04176500  -83.5310   41.9610   1042.  0.26  0.25  0.38  0.56  0.80  0.95  1.12  1.20  1.06  0.68  0.42  0.27
04178000  -84.8020   41.3860    610.  0.30  0.30  0.39  0.58  0.86  0.91  1.10  1.22  1.07  0.72  0.49  0.29
04183500  -84.7444   41.1989   2129.  0.30  0.28  0.39  0.57  0.78  0.88  1.09  1.23  1.08  0.68  0.46  0.31
04185000  -84.4300   41.5040    410.  0.28  0.29  0.37  0.55  0.81  0.89  1.08  1.20  1.08  0.67  0.44  0.28
04191500  -84.3992   41.2375   2310.  0.27  0.28  0.38  0.53  0.70  0.83  1.07  1.24  1.08  0.60  0.40  0.30
04198000  -83.1589   41.3078   1251.  0.29  0.29  0.37  0.52  0.71  0.85  1.09  1.26  1.11  0.61  0.38  0.29
04201500  -81.8872   41.4067    267.  0.36  0.43  0.49  0.69  0.95  1.03  1.14  1.23  1.16  0.82  0.51  0.35
04212000  -81.0467   41.7406    581.  0.33  0.48  0.54  0.74  1.17  1.30  1.24  1.23  1.16  0.87  0.54  0.38
04221000  -77.9575   42.1222    288.  0.32  0.25  0.53  0.66  1.27  1.33  1.33  1.33  1.27  0.83  0.55  0.40
04221500  -77.9806   42.1639    308.  0.32  0.25  0.53  0.66  1.27  1.33  1.33  1.33  1.27  0.83  0.55  0.40
04223000  -78.0425   42.5703    984.  0.29  0.22  0.53  0.68  1.26  1.33  1.33  1.33  1.27  0.85  0.58  0.37
05053000  -96.7833   46.4681   2080.  0.21  0.21  0.21  0.38  0.69  1.06  1.04  0.93  0.81  0.53  0.43  0.24
05244000  -94.8789   46.6403   1010.  0.21  0.21  0.22  0.48  0.88  1.22  1.23  1.15  1.04  0.63  0.44  0.24
05280000  -93.7339   45.0867   2520.  0.21  0.21  0.21  0.31  0.59  0.86  1.19  1.25  1.01  0.48  0.31  0.21
05320500  -94.0411   44.1111   1110.  0.21  0.21  0.21  0.29  0.50  0.78  1.25  1.33  1.01  0.44  0.29  0.21
05383000  -91.1181   43.9014    398.  0.21  0.21  0.38  0.70  1.15  1.25  1.27  1.25  1.19  0.79  0.55  0.26
05408000  -90.6431   43.5742    266.  0.21  0.21  0.39  0.73  1.21  1.26  1.25  1.26  1.23  0.83  0.60  0.28
05410490  -90.8583   43.1828    687.  0.21  0.21  0.39  0.72  1.19  1.27  1.25  1.25  1.22  0.81  0.59  0.25
05410500  -90.8740   43.1910    690.  0.21  0.21  0.39  0.72  1.19  1.27  1.25  1.25  1.22  0.81  0.59  0.25
05412500  -91.2617   42.7400   1545.  0.21  0.21  0.31  0.50  0.76  0.97  1.27  1.28  1.14  0.60  0.45  0.21
05418500  -90.6344   42.0847   1553.  0.21  0.21  0.35  0.54  0.81  0.98  1.25  1.23  1.11  0.62  0.47  0.24
05422000  -90.5347   41.7669   2330.  0.22  0.21  0.32  0.49  0.72  0.92  1.25  1.24  1.07  0.56  0.43  0.24
05430500  -89.0706   42.6092   3340.  0.21  0.21  0.37  0.61  0.93  1.05  1.20  1.22  1.14  0.72  0.51  0.25
05435500  -89.6158   42.3036   1326.  0.21  0.21  0.43  0.72  1.05  1.14  1.23  1.23  1.19  0.80  0.59  0.26
05440000  -88.9986   42.1958   1099.  0.21  0.21  0.34  0.48  0.66  0.89  1.25  1.30  1.07  0.54  0.41  0.24
05447500  -90.1583   41.4889   1003.  0.23  0.24  0.36  0.50  0.67  0.96  1.27  1.26  1.03  0.55  0.42  0.28
05451500  -92.9075   42.0658   1564.  0.21  0.23  0.24  0.35  0.55  0.83  1.28  1.33  0.97  0.48  0.32  0.21
05452000  -92.3130   41.9640    201.  0.21  0.25  0.33  0.51  0.76  0.94  1.24  1.26  1.06  0.59  0.47  0.24
05454500  -91.5408   41.6567   3271.  0.22  0.25  0.29  0.44  0.66  0.90  1.25  1.29  1.01  0.54  0.40  0.24
05455500  -91.7156   41.4664    573.  0.24  0.28  0.36  0.54  0.80  0.98  1.23  1.22  1.06  0.63  0.49  0.28
05457700  -92.6731   43.0625   1054.  0.21  0.21  0.24  0.36  0.60  0.82  1.24  1.32  1.07  0.51  0.34  0.21
05458500  -92.4650   42.6483   1661.  0.21  0.21  0.25  0.38  0.61  0.83  1.25  1.31  1.06  0.51  0.35  0.21
05462000  -92.5958   42.6528   1746.  0.21  0.21  0.23  0.33  0.53  0.79  1.26  1.32  1.04  0.47  0.32  0.21
05471500  -92.6590   41.3550   1635.  0.23  0.28  0.30  0.47  0.73  0.95  1.24  1.27  1.00  0.55  0.42  0.23
05472500  -92.2044   41.3008    730.  0.25  0.30  0.34  0.54  0.81  1.00  1.22  1.24  1.06  0.62  0.49  0.27
05476500  -94.8439   43.3975   1372.  0.21  0.26  0.24  0.33  0.55  0.79  1.19  1.32  1.02  0.48  0.35  0.23
05479000  -94.1917   42.7239   1308.  0.21  0.22  0.21  0.28  0.47  0.78  1.24  1.33  0.96  0.45  0.30  0.21
05481000  -93.8033   42.4336    844.  0.21  0.21  0.21  0.31  0.50  0.82  1.27  1.33  0.96  0.44  0.28  0.21
05482500  -94.3767   41.9881   1619.  0.23  0.24  0.28  0.38  0.57  0.82  1.21  1.33  1.01  0.50  0.37  0.24
05484500  -93.9497   41.5339   3441.  0.25  0.26  0.30  0.43  0.63  0.86  1.21  1.32  1.02  0.53  0.40  0.24
05502040  -91.1490   39.6930     73.  0.31  0.34  0.45  0.74  1.02  1.07  1.18  1.18  1.06  0.71  0.57  0.40
05507500  -91.6720   39.5400   2230.  0.36  0.36  0.49  0.70  1.02  1.09  1.16  1.20  1.08  0.76  0.64  0.42
05508000  -91.4080   39.6120   2480.  0.36  0.36  0.49  0.70  1.01  1.08  1.15  1.20  1.08  0.76  0.63  0.42
05514500  -90.9833   39.0164    903.  0.38  0.40  0.49  0.75  1.05  1.09  1.16  1.17  1.07  0.75  0.60  0.45
05515500  -86.7010   41.4000    400.  0.26  0.26  0.36  0.54  0.73  0.94  1.23  1.32  1.07  0.64  0.43  0.28
05517000  -86.6210   41.3030    384.  0.27  0.26  0.38  0.53  0.73  0.91  1.19  1.29  1.06  0.65  0.43  0.28
05517500  -86.9640   41.2210   1160.  0.25  0.25  0.36  0.52  0.71  0.92  1.21  1.31  1.05  0.62  0.43  0.28
05518000  -87.3430   41.1830   1578.  0.25  0.25  0.36  0.51  0.70  0.91  1.21  1.30  1.05  0.61  0.42  0.28
05520500  -87.6686   41.1600   2294.  0.24  0.25  0.35  0.50  0.67  0.90  1.22  1.30  1.03  0.59  0.40  0.27
05526000  -87.8242   41.0089   2091.  0.21  0.21  0.29  0.40  0.52  0.85  1.28  1.31  0.94  0.45  0.31  0.23
05542000  -88.3597   41.2861    455.  0.21  0.21  0.28  0.40  0.50  0.90  1.30  1.28  0.88  0.43  0.31  0.21
05546500  -88.1792   42.5111    868.  0.21  0.21  0.37  0.57  0.87  0.98  1.17  1.23  1.13  0.67  0.48  0.27
05552500  -88.7910   41.3870   2642.  0.21  0.22  0.35  0.52  0.74  0.93  1.22  1.27  1.09  0.58  0.43  0.26
05554500  -88.6360   40.8780    579.  0.21  0.21  0.30  0.41  0.51  0.91  1.33  1.28  0.90  0.44  0.32  0.22
05555300  -88.9308   41.2083   1251.  0.21  0.22  0.31  0.44  0.56  0.93  1.31  1.28  0.92  0.47  0.34  0.24
05555500  -89.0122   41.2553   1278.  0.21  0.22  0.31  0.44  0.57  0.94  1.31  1.28  0.93  0.48  0.34  0.24
05569500  -90.2814   40.7089   1072.  0.25  0.26  0.37  0.56  0.77  0.99  1.27  1.23  1.03  0.60  0.46  0.33
05570000  -90.3428   40.4856   1636.  0.25  0.26  0.38  0.57  0.78  1.00  1.26  1.22  1.03  0.61  0.46  0.33
05582000  -89.7360   40.1340   1804.  0.22  0.24  0.34  0.48  0.64  0.94  1.29  1.28  0.96  0.51  0.38  0.26
05584500  -90.8990   40.3290    655.  0.28  0.27  0.42  0.61  0.87  1.01  1.19  1.18  1.00  0.61  0.46  0.34
05585000  -90.6319   40.0253   1293.  0.28  0.28  0.43  0.63  0.89  1.03  1.19  1.18  1.02  0.63  0.48  0.35
05592500  -89.0889   38.9597   1940.  0.26  0.33  0.39  0.58  0.71  0.89  1.20  1.25  0.96  0.55  0.41  0.32
05593000  -89.3561   38.6117   2719.  0.28  0.36  0.42  0.63  0.74  0.87  1.17  1.24  0.97  0.58  0.44  0.34
05594000  -89.4940   38.6100    735.  0.31  0.37  0.47  0.71  0.83  0.89  1.14  1.21  0.98  0.63  0.50  0.36
06191500 -110.7936   45.1119   2623.  0.30  0.21  0.36  0.48  0.63  0.90  0.92  0.82  0.76  0.60  0.51  0.38
06192500 -110.5653   45.5972   3551.  0.30  0.21  0.35  0.48  0.65  0.92  0.92  0.82  0.76  0.60  0.51  0.36
06225500 -109.0100   43.2420   1891.  0.26  0.21  0.24  0.39  0.57  0.82  0.83  0.74  0.65  0.52  0.44  0.30
06334500 -103.9731   45.5469   1970.  0.21  0.24  0.32  0.48  0.66  0.74  0.56  0.44  0.42  0.41  0.33  0.23
06340500 -101.6217   47.2853   2240.  0.21  0.21  0.25  0.37  0.61  0.87  0.77  0.61  0.54  0.39  0.29  0.22
06359500 -102.1561   45.1978   2660.  0.21  0.22  0.23  0.38  0.61  0.73  0.56  0.45  0.42  0.35  0.27  0.23
06426500 -104.9764   44.2956   1643.  0.21  0.22  0.29  0.44  0.57  0.59  0.43  0.35  0.34  0.35  0.30  0.23
06441500 -100.3839   44.3267   3107.  0.23  0.24  0.27  0.40  0.66  0.73  0.55  0.46  0.44  0.40  0.36  0.29
06446000 -102.8247   43.2547   2200.  0.28  0.29  0.34  0.48  0.70  0.75  0.57  0.51  0.48  0.45  0.39  0.33
06454500 -103.1708   42.4597   1400.  0.26  0.26  0.31  0.42  0.60  0.67  0.54  0.52  0.47  0.40  0.33  0.28
06480000  -96.7486   44.1800   3898.  0.25  0.21  0.27  0.44  0.75  1.04  1.07  1.05  0.92  0.54  0.44  0.27
06600500  -96.3119   42.5767    886.  0.26  0.29  0.29  0.38  0.59  0.84  1.20  1.30  1.03  0.51  0.38  0.25
06606600  -95.7969   42.4722   2500.  0.24  0.26  0.27  0.36  0.54  0.81  1.23  1.32  1.03  0.48  0.35  0.23
06607200  -95.8080   42.1580    669.  0.26  0.27  0.30  0.43  0.65  0.90  1.20  1.28  1.01  0.52  0.39  0.27
06609500  -95.7820   41.6420    871.  0.26  0.26  0.32  0.44  0.66  0.90  1.19  1.30  1.00  0.53  0.41  0.27
06799500  -96.5210   41.7140   1030.  0.31  0.28  0.33  0.48  0.66  0.81  1.12  1.24  1.02  0.55  0.44  0.31
06808500  -95.5800   40.8731   1326.  0.27  0.28  0.32  0.47  0.65  0.87  1.19  1.28  0.98  0.51  0.41  0.28
06810000  -95.6256   40.6325   2806.  0.27  0.28  0.32  0.47  0.65  0.87  1.19  1.29  0.99  0.52  0.41  0.28
06811500  -95.8128   40.3925    793.  0.34  0.35  0.40  0.63  0.78  0.81  1.00  1.11  0.97  0.61  0.52  0.39
06813000  -95.4089   40.3389    508.  0.27  0.30  0.33  0.52  0.68  0.89  1.17  1.26  0.98  0.52  0.42  0.29
06815000  -95.5920   40.0330   1340.  0.37  0.35  0.41  0.66  0.82  0.84  0.98  1.09  0.96  0.61  0.52  0.40
06817000  -95.0130   40.7390    762.  0.28  0.30  0.32  0.53  0.70  0.90  1.18  1.29  1.03  0.58  0.45  0.29
06817500  -95.0886   40.4450   1240.  0.29  0.30  0.32  0.55  0.72  0.91  1.17  1.27  1.03  0.59  0.46  0.29
06820500  -94.7030   39.6890   1760.  0.31  0.32  0.37  0.61  0.81  0.96  1.14  1.22  1.04  0.63  0.50  0.33
06847000  -99.8930   40.1200   1650.  0.37  0.35  0.41  0.61  0.74  0.65  0.60  0.67  0.57  0.43  0.44  0.39
06860000 -100.8550   38.7920   3555.  0.35  0.34  0.39  0.54  0.65  0.56  0.50  0.55  0.49  0.43  0.44  0.39
06868000  -98.5333   38.9333   1900.  0.38  0.36  0.42  0.62  0.73  0.65  0.61  0.64  0.60  0.48  0.46  0.40
06869500  -97.8739   39.0042   2820.  0.39  0.38  0.43  0.65  0.76  0.68  0.64  0.68  0.65  0.50  0.47  0.41
06883000  -98.0667   40.3328    979.  0.38  0.35  0.37  0.53  0.66  0.77  0.98  1.04  0.86  0.52  0.48  0.42
06884400  -96.8581   39.7758   3324.  0.40  0.36  0.40  0.62  0.76  0.80  0.94  1.02  0.87  0.56  0.52  0.44
06884500  -96.8611   39.7778   3509.  0.40  0.36  0.40  0.62  0.76  0.80  0.94  1.02  0.87  0.56  0.52  0.44
06885500  -96.4375   39.6842    410.  0.40  0.35  0.42  0.67  0.87  0.92  0.96  1.02  0.92  0.59  0.51  0.42
06888500  -96.1811   39.0622    316.  0.40  0.37  0.42  0.68  0.95  1.03  0.97  0.98  0.92  0.61  0.50  0.40
06890500  -95.4544   39.3508    922.  0.40  0.36  0.43  0.73  0.93  1.00  1.02  1.05  0.97  0.65  0.54  0.42
06892000  -95.0108   39.1164    406.  0.39  0.35  0.44  0.77  0.97  1.04  1.05  1.08  1.02  0.70  0.57  0.41
06894000  -94.3003   39.1006    184.  0.41  0.39  0.48  0.80  1.01  1.06  1.06  1.09  1.03  0.73  0.62  0.42
06897500  -93.9425   39.9269   2250.  0.33  0.34  0.41  0.69  0.93  1.02  1.11  1.19  1.08  0.71  0.58  0.36
06898000  -93.8081   40.6403    701.  0.31  0.35  0.37  0.66  0.92  1.05  1.14  1.19  1.09  0.72  0.56  0.35
06899500  -93.6442   40.0794   1670.  0.32  0.35  0.40  0.68  0.96  1.07  1.13  1.19  1.10  0.73  0.59  0.36
06908000  -93.1967   38.9922   1120.  0.39  0.38  0.48  0.79  1.01  1.10  1.13  1.17  1.07  0.77  0.65  0.45
06913500  -95.2569   38.6167   1250.  0.39  0.35  0.40  0.66  0.93  1.06  1.04  1.08  0.99  0.61  0.49  0.39
06914000  -95.2486   38.3336    334.  0.41  0.37  0.41  0.71  0.94  1.01  1.01  1.10  1.03  0.62  0.51  0.40
06928000  -92.4517   37.7592   1250.  0.50  0.51  0.63  0.91  1.25  1.26  1.13  1.06  1.07  0.89  0.75  0.60
06933500  -91.9772   37.9297   2840.  0.49  0.50  0.61  0.90  1.24  1.27  1.15  1.08  1.08  0.87  0.72  0.58
07019000  -90.5917   38.5056   3788.  0.47  0.50  0.55  0.80  1.23  1.28  1.21  1.15  1.16  0.82  0.63  0.51
07029500  -88.9767   35.2753   1480.  0.56  0.56  0.63  0.83  1.08  1.10  1.14  1.09  1.06  0.87  0.65  0.53
07049000  -93.8556   36.2006    263.  0.55  0.55  0.64  0.90  1.33  1.33  1.22  1.16  1.16  0.91  0.72  0.59
07052500  -93.4610   36.8050    987.  0.53  0.52  0.65  0.98  1.26  1.25  1.11  1.05  1.06  0.93  0.80  0.62
07056000  -92.7456   35.9839    829.  0.57  0.57  0.60  0.84  1.33  1.33  1.29  1.23  1.23  0.91  0.68  0.57
07057500  -92.2481   36.6228    561.  0.54  0.51  0.61  0.90  1.26  1.29  1.16  1.05  1.04  0.84  0.69  0.59
07058000  -92.3040   36.6260    570.  0.54  0.51  0.60  0.90  1.26  1.29  1.16  1.05  1.04  0.84  0.69  0.59
07067000  -91.0147   36.9914   1667.  0.53  0.51  0.60  0.88  1.25  1.29  1.19  1.08  1.10  0.87  0.71  0.59
07068000  -90.8475   36.6219   2038.  0.53  0.51  0.60  0.88  1.25  1.29  1.20  1.08  1.09  0.86  0.70  0.58
07069500  -91.1719   36.2053   1183.  0.55  0.52  0.61  0.89  1.23  1.24  1.14  1.03  1.01  0.84  0.67  0.57
07072000  -91.1133   36.3467   1134.  0.54  0.51  0.61  0.89  1.24  1.26  1.15  1.03  1.02  0.85  0.69  0.58
07074000  -91.4497   36.1103    473.  0.58  0.57  0.63  0.93  1.29  1.28  1.17  1.09  1.09  0.87  0.67  0.57
07144200  -97.3878   37.8322   1327.  0.50  0.48  0.59  0.82  0.87  0.71  0.73  0.81  0.76  0.60  0.63  0.57
07144780  -97.9358   37.8447    787.  0.51  0.49  0.58  0.75  0.81  0.68  0.74  0.79  0.72  0.61  0.64  0.56
07147070  -97.0125   37.7958    426.  0.48  0.46  0.58  0.83  0.88  0.73  0.75  0.86  0.78  0.60  0.60  0.53
07147800  -96.9944   37.2242   1880.  0.47  0.45  0.57  0.83  0.93  0.80  0.78  0.84  0.79  0.60  0.58  0.52
07152000  -97.2770   36.8110   1859.  0.58  0.55  0.72  0.97  0.88  0.65  0.62  0.60  0.60  0.62  0.73  0.68
07163000  -96.8680   36.1160     31.  0.48  0.44  0.53  0.82  0.97  0.97  0.89  0.86  0.81  0.68  0.60  0.50
07172000  -96.3150   37.0036    445.  0.45  0.41  0.48  0.78  1.03  1.03  0.95  0.92  0.88  0.64  0.53  0.48
07177500  -95.9540   36.2780    905.  0.44  0.40  0.46  0.77  1.05  1.10  0.99  0.94  0.88  0.66  0.54  0.45
07183000  -95.4306   37.8908   3818.  0.43  0.40  0.46  0.74  0.95  0.97  0.93  0.97  0.92  0.62  0.53  0.45
07186000  -94.5661   37.2456   1164.  0.50  0.48  0.62  0.91  1.11  1.11  1.04  1.07  1.07  0.84  0.70  0.56
07196500  -94.9208   35.9214    959.  0.52  0.52  0.61  0.95  1.30  1.32  1.17  1.12  1.11  0.86  0.69  0.55
07197000  -94.8383   35.9211    307.  0.48  0.48  0.56  0.92  1.31  1.32  1.17  1.10  1.08  0.84  0.64  0.49
07211500 -104.4933   36.2969   2850.  0.52  0.45  0.47  0.50  0.67  0.80  0.77  0.79  0.78  0.68  0.59  0.56
07221000 -104.7828   35.8003   1104.  0.59  0.50  0.52  0.54  0.68  0.78  0.77  0.77  0.80  0.71  0.67  0.69
07222500 -104.4431   35.4028    523.  0.39  0.36  0.36  0.42  0.50  0.53  0.50  0.54  0.57  0.51  0.43  0.41
07243500  -96.0650   35.6750   2018.  0.44  0.41  0.50  0.81  0.99  1.00  0.92  0.88  0.84  0.68  0.57  0.45
07252000  -94.0153   35.5769    373.  0.54  0.54  0.62  0.92  1.28  1.25  1.13  1.12  1.09  0.86  0.67  0.54
07261000  -92.4028   35.2989    169.  0.57  0.58  0.67  0.92  1.20  1.16  1.05  1.01  1.03  0.85  0.69  0.60
07288500  -90.5430   33.5470    767.  0.42  0.43  0.50  0.69  0.68  0.80  0.96  1.08  0.95  0.66  0.49  0.38
07289500  -89.9661   32.8806   1493.  0.62  0.61  0.69  0.94  1.05  1.10  1.09  1.06  0.98  0.87  0.71  0.60
07290000  -90.6967   32.3475   2812.  0.59  0.58  0.69  0.95  1.06  1.11  1.10  1.08  1.00  0.86  0.70  0.59
07307800 -100.0733   34.2275   2754.  0.39  0.37  0.43  0.53  0.54  0.56  0.61  0.66  0.68  0.57  0.47  0.42
07340000  -94.3875   33.9194   2662.  0.65  0.66  0.71  1.00  1.19  1.21  1.12  1.02  1.03  0.88  0.76  0.66
07346000  -94.4986   32.7494    850.  0.58  0.64  0.72  1.05  1.14  1.13  1.06  0.94  0.93  0.87  0.76  0.61
07346050  -94.7508   32.6725    383.  0.57  0.63  0.71  1.04  1.13  1.14  1.05  0.94  0.94  0.87  0.75  0.60
07346070  -94.3456   32.7139    675.  0.59  0.64  0.72  1.05  1.13  1.14  1.05  0.95  0.94  0.89  0.77  0.62
07348000  -93.8778   32.6458   3137.  0.61  0.65  0.73  1.05  1.15  1.16  1.08  0.97  0.96  0.90  0.79  0.63
07363500  -92.0258   33.7008   2102.  0.72  0.70  0.72  0.97  1.22  1.21  1.12  1.06  1.07  0.93  0.81  0.71
07375500  -90.3617   30.5064    646.  0.72  0.68  0.84  1.08  1.11  1.13  1.05  1.02  1.05  0.93  0.85  0.79
07378000  -91.0740   30.5120    284.  0.61  0.62  0.79  1.05  1.08  1.11  1.10  1.08  1.04  0.89  0.75  0.67
07378500  -90.9903   30.4639   1280.  0.65  0.64  0.81  1.07  1.11  1.11  1.09  1.06  1.04  0.92  0.80  0.72
08013500  -92.8139   30.6403    753.  0.73  0.71  0.81  1.01  1.02  1.06  1.02  1.01  0.96  0.90  0.84  0.80
08015500  -92.9153   30.5028   1700.  0.74  0.72  0.81  1.01  1.01  1.05  1.02  1.01  0.97  0.91  0.84  0.81
08032000  -95.4306   31.8922   1145.  0.53  0.59  0.71  1.05  1.10  1.08  1.01  0.89  0.87  0.84  0.72  0.56
08033500  -94.3986   31.0247   3636.  0.64  0.67  0.78  1.08  1.11  1.10  1.04  0.93  0.92  0.88  0.78  0.67
08055500  -96.9442   32.9658   2459.  0.41  0.43  0.54  0.85  0.90  0.89  0.79  0.70  0.70  0.68  0.57  0.45
08085500  -99.2242   32.9344   3988.  0.40  0.38  0.46  0.58  0.60  0.60  0.56  0.55  0.59  0.59  0.50  0.44
08095000  -97.5678   31.7858    968.  0.45  0.46  0.57  0.76  0.83  0.80  0.71  0.65  0.65  0.67  0.58  0.51
08103800  -98.0164   31.0817    818.  0.51  0.53  0.65  0.82  0.81  0.80  0.67  0.58  0.60  0.69  0.67  0.61
08146000  -98.7192   31.2131   3046.  0.46  0.45  0.55  0.66  0.69  0.68  0.57  0.53  0.57  0.65  0.58  0.52
08150000  -99.7219   30.4975   1856.  0.47  0.47  0.54  0.61  0.61  0.61  0.54  0.50  0.54  0.61  0.55  0.53
08150700  -99.1089   30.6606   3247.  0.50  0.49  0.56  0.63  0.64  0.63  0.56  0.52  0.56  0.64  0.58  0.56
08167500  -98.3828   29.8606   1315.  0.59  0.58  0.65  0.79  0.80  0.77  0.71  0.66  0.68  0.75  0.71  0.66
08171000  -98.0886   29.9942    355.  0.59  0.58  0.67  0.81  0.81  0.84  0.74  0.68  0.68  0.75  0.70  0.67
08171300  -97.9097   29.9792    412.  0.60  0.59  0.68  0.81  0.81  0.84  0.74  0.67  0.68  0.75  0.70  0.67
08172000  -97.6497   29.6650    838.  0.59  0.61  0.72  0.82  0.82  0.84  0.74  0.66  0.66  0.74  0.69  0.66
08189500  -97.2789   28.2917    690.  0.50  0.59  0.74  0.78  0.79  0.81  0.68  0.58  0.56  0.62  0.58  0.56
08205500  -99.1444   28.7364   3429.  0.54  0.59  0.71  0.80  0.76  0.73  0.65  0.57  0.59  0.68  0.67  0.63
08340500 -107.1890   35.5930   1390.  0.30  0.29  0.33  0.36  0.42  0.44  0.40  0.42  0.42  0.39  0.36  0.36
09127998 -107.6489   38.5261   3965.  0.31  0.21  0.30  0.45  0.68  0.90  0.91  0.86  0.78  0.59  0.48  0.38
09132500 -107.4336   38.9258    526.  0.26  0.25  0.33  0.51  0.79  1.00  1.00  0.97  0.87  0.59  0.47  0.34
09251000 -108.0292   40.5028   3410.  0.23  0.21  0.25  0.45  0.73  0.95  0.88  0.82  0.75  0.52  0.39  0.29
09292500 -110.3410   40.5120    132.  0.28  0.21  0.31  0.45  0.65  0.86  0.81  0.80  0.75  0.58  0.53  0.39
09299500 -109.9269   40.5869    113.  0.32  0.21  0.35  0.48  0.65  0.81  0.74  0.76  0.72  0.59  0.51  0.43
09430500 -108.5367   33.0611   1864.  0.58  0.58  0.55  0.56  0.60  0.60  0.59  0.64  0.66  0.65  0.62  0.60
09431500 -108.6750   32.7269   2829.  0.52  0.50  0.49  0.51  0.54  0.53  0.52  0.58  0.59  0.59  0.55  0.53
09442692 -108.5150   33.8914     94.  0.58  0.59  0.57  0.62  0.64  0.67  0.65  0.71  0.71  0.69  0.62  0.66
09444500 -109.2953   33.0494   2766.  0.56  0.55  0.55  0.57  0.60  0.61  0.57  0.64  0.64  0.64  0.59  0.60
09497500 -110.4990   33.7980   2849.  0.61  0.59  0.62  0.62  0.64  0.64  0.61  0.63  0.66  0.66  0.64  0.64
10296000 -119.4492   38.3797    180.  0.67  0.67  0.69  0.71  0.85  0.83  0.89  0.88  0.86  0.79  0.79  0.77
10296500 -119.4542   38.5153    250.  0.64  0.65  0.67  0.69  0.83  0.82  0.88  0.87  0.84  0.77  0.77  0.75
10301500 -119.0972   39.1528   2600.  0.46  0.46  0.49  0.54  0.68  0.71  0.73  0.70  0.66  0.61  0.58  0.55
10309000 -119.7030   38.8470    356.  0.68  0.72  0.74  0.75  0.89  0.93  0.95  0.94  0.89  0.83  0.83  0.80
10312000 -119.3111   39.2917   1302.  0.58  0.60  0.63  0.71  0.84  0.89  0.87  0.86  0.80  0.76  0.75  0.69
11025500 -116.8653   33.1069    112.  0.46  0.49  0.51  0.53  0.49  0.47  0.43  0.43  0.40  0.40  0.41  0.44
11080500 -117.8050   34.2360     85.  0.57  0.59  0.60  0.63  0.61  0.64  0.58  0.57  0.52  0.51  0.51  0.53
11138500 -120.1672   34.8397    281.  0.64  0.75  0.89  0.86  0.75  0.68  0.62  0.60  0.55  0.51  0.53  0.56
11160000 -121.9547   36.9914     40.  0.74  0.87  0.92  0.98  1.04  1.01  0.92  0.95  0.90  0.81  0.76  0.73
11210500 -118.9533   36.4067    519.  0.62  0.72  0.87  0.86  0.75  0.74  0.76  0.74  0.67  0.62  0.56  0.56
11213500 -119.1233   36.8633    952.  0.67  0.68  0.78  0.85  0.79  0.78  0.79  0.76  0.70  0.70  0.69  0.67
11222000 -119.3350   36.8167   1693.  0.64  0.68  0.79  0.84  0.76  0.77  0.76  0.73  0.67  0.66  0.64  0.62
11224500 -120.4697   36.2147     96.  0.52  0.65  0.77  0.75  0.57  0.53  0.50  0.49  0.45  0.44  0.48  0.49
11281000 -120.0119   37.8217     87.  0.72  0.79  0.89  0.92  0.81  0.80  0.77  0.73  0.69  0.66  0.66  0.69
11342000 -122.4161   40.9397    425.  0.75  0.77  0.83  0.87  1.02  1.07  1.08  1.05  1.00  0.95  0.87  0.79
11355500 -121.4236   40.6867    162.  0.75  0.77  0.81  0.95  0.97  1.00  0.98  0.94  0.89  0.89  0.89  0.82
11401500 -120.9269   40.0781    739.  0.79  0.78  0.84  0.94  1.05  1.10  1.11  1.10  1.04  0.97  0.93  0.82
11403000 -121.2175   40.0106   1025.  0.83  0.81  0.86  0.95  1.07  1.12  1.13  1.11  1.05  0.97  0.94  0.84
11413000 -120.9369   39.5250    250.  0.88  0.88  0.93  1.04  1.11  1.15  1.15  1.11  1.06  0.99  0.94  0.87
11427000 -121.0228   38.9361    342.  0.77  0.83  0.91  1.01  1.00  0.98  0.97  0.92  0.89  0.84  0.80  0.74
11497500 -121.2375   42.4472    513.  0.45  0.42  0.53  0.68  0.77  0.82  0.85  0.78  0.73  0.69  0.62  0.54
11501000 -121.8486   42.5847   1580.  0.50  0.48  0.58  0.72  0.83  0.88  0.92  0.86  0.80  0.75  0.68  0.60
11530000 -123.6708   41.0500   2853.  0.89  0.92  0.97  1.02  1.15  1.19  1.20  1.16  1.09  1.00  0.93  0.89
11532500 -124.0539   41.7894    609.  0.98  0.99  1.01  1.09  1.21  1.26  1.25  1.24  1.17  1.06  0.95  0.91
12027500 -123.0344   46.7761    895.  0.81  0.88  0.95  0.99  1.23  1.33  1.32  1.29  1.22  0.92  0.73  0.70
12098500 -121.9490   47.1510    401.  0.66  0.78  0.85  0.88  1.06  1.21  1.23  1.20  1.19  0.92  0.72  0.64
12134500 -121.6656   47.8375    535.  0.63  0.74  0.82  0.85  1.06  1.22  1.27  1.21  1.15  0.80  0.60  0.62
12144500 -121.8411   47.5453    375.  0.65  0.76  0.82  0.89  1.12  1.26  1.24  1.18  1.13  0.80  0.60  0.59
12149000 -121.9240   47.6660    603.  0.62  0.73  0.79  0.87  1.11  1.23  1.20  1.13  1.08  0.77  0.57  0.55
12340000 -113.7560   46.9000   2290.  0.35  0.21  0.41  0.67  0.85  1.00  0.97  0.89  0.84  0.71  0.58  0.39
12358500 -114.0092   48.4953   1128.  0.34  0.21  0.40  0.63  0.86  1.05  1.13  1.07  0.99  0.69  0.48  0.33
12413000 -116.2528   47.5722    895.  0.49  0.58  0.67  0.87  1.10  1.22  1.20  1.10  1.04  0.84  0.65  0.48
12413500 -116.3069   47.5639   1220.  0.50  0.57  0.67  0.88  1.10  1.23  1.21  1.11  1.05  0.85  0.66  0.48
12449500 -120.1150   48.3653   1301.  0.33  0.21  0.47  0.55  0.76  0.88  0.99  0.94  0.90  0.71  0.50  0.35
12449950 -119.9839   48.0775   1772.  0.33  0.21  0.47  0.57  0.78  0.90  0.98  0.93  0.89  0.71  0.51  0.37
12459000 -120.6128   47.5833   1000.  0.43  0.44  0.67  0.67  0.87  1.05  1.15  1.11  1.05  0.76  0.56  0.46
12462500 -120.4233   47.4994   1301.  0.42  0.45  0.66  0.69  0.88  1.05  1.13  1.08  1.03  0.76  0.56  0.46
13186000 -115.3056   43.4944    635.  0.25  0.23  0.34  0.55  0.79  0.91  0.84  0.71  0.66  0.56  0.51  0.38
13200000 -115.9889   43.6481    399.  0.33  0.35  0.49  0.68  0.77  0.80  0.76  0.69  0.66  0.56  0.50  0.41
13298500 -114.2550   44.3786   1800.  0.28  0.21  0.31  0.52  0.67  0.87  0.84  0.75  0.71  0.60  0.56  0.39
13302500 -113.8944   45.1833   3760.  0.28  0.21  0.29  0.47  0.60  0.79  0.76  0.68  0.65  0.55  0.51  0.37
13336500 -115.5128   46.0867   1910.  0.48  0.47  0.60  0.79  0.96  1.12  1.12  1.02  0.99  0.80  0.68  0.51
13337000 -115.5864   46.1506   1180.  0.43  0.34  0.55  0.78  1.00  1.21  1.21  1.09  1.03  0.80  0.66  0.43
13340500 -115.5078   46.6314    996.  0.41  0.34  0.53  0.79  1.01  1.25  1.26  1.16  1.08  0.84  0.68  0.42
13340600 -115.6197   46.8406   1360.  0.41  0.36  0.55  0.80  1.02  1.25  1.25  1.16  1.08  0.85  0.68  0.43
13351000 -118.1478   46.7586   2500.  0.28  0.32  0.44  0.67  0.83  0.86  0.56  0.36  0.33  0.32  0.30  0.29
14080500 -120.7944   44.1139   2700.  0.33  0.33  0.37  0.46  0.52  0.53  0.51  0.46  0.44  0.42  0.41  0.42
14101500 -121.0939   45.2417    417.  0.66  0.69  0.76  0.89  1.00  1.10  1.13  1.08  1.03  0.85  0.78  0.62
14113000 -121.2089   45.7567   1297.  0.60  0.66  0.77  0.89  1.05  1.12  1.09  1.04  1.00  0.80  0.69  0.63
14232500 -121.8628   46.4417    321.  0.64  0.70  0.74  0.77  0.97  1.14  1.15  1.14  1.12  0.89  0.74  0.66
14233400 -122.0975   46.4703   1030.  0.67  0.73  0.78  0.80  1.01  1.18  1.19  1.16  1.15  0.92  0.74  0.67
14308000 -122.9472   42.9306    449.  0.91  0.92  0.95  1.02  1.20  1.24  1.24  1.17  1.13  0.98  0.87  0.86
14321000 -123.5542   43.5861   3683.  0.93  0.94  0.98  1.04  1.21  1.25  1.24  1.20  1.15  1.01  0.88  0.84
14359000 -122.9861   42.4375   2053.  0.80  0.81  0.87  0.96  1.11  1.15  1.14  1.10  1.02  0.93  0.82  0.77
