01048000  -69.9392   44.7072    514.   3.2  16.1  42.6  70.5  99.7 112.3 117.3 102.9  74.7  46.8  19.4   4.1
01055500  -70.2303   44.2694    169.   2.3  15.7  42.7  71.2 100.9 113.5 118.4 103.6  74.8  46.4  18.6   3.0
01060000  -70.1792   43.7992    141.   2.3  15.4  41.9  70.4 100.1 113.1 118.4 104.0  75.5  47.3  19.3   3.5
01064500  -71.0914   43.9908    385.   5.2  17.2  42.4  68.9  96.9 108.9 114.0 100.4  73.6  47.2  20.9   6.2
01076500  -71.6861   43.7592    622.   6.1  17.6  42.0  67.5  94.5 106.1 111.0  98.0  72.2  46.7  21.4   7.2
01127000  -71.9850   41.5980    713.   8.9  20.8  46.0  72.0  99.5 110.9 115.6 102.0  75.4  49.5  23.7   9.6
01138000  -71.9860   44.1540    395.   6.3  17.9  42.2  67.7  94.6 106.2 110.9  97.9  72.0  46.6  21.3   7.3
01197500  -73.3550   42.2320    282.   7.0  17.6  40.5  64.7  90.4 101.6 106.6  94.6  70.1  46.1  21.9   8.3
01200000  -73.5290   41.6590    203.   4.3  16.4  42.4  70.3  99.9 113.2 119.1 105.6  77.7  50.1  22.2   6.1
01321000  -74.2708   43.3528    491.  12.5  21.7  43.2  65.5  89.8 100.3 105.4  94.5  71.7  49.6  26.7  14.0
01329000  -73.1572   43.0772    152.   6.8  17.4  40.5  64.9  90.8 102.1 107.2  95.1  70.4  46.3  21.9   8.1
01329500  -73.4319   43.1014    394.   7.6  18.2  41.2  65.4  91.3 102.6 107.7  95.7  71.2  47.1  22.7   9.0
01334500  -73.3775   42.9386    510.   7.7  18.2  41.2  65.3  91.0 102.1 107.1  95.0  70.6  46.7  22.5   9.0
01348000  -74.7411   43.0167    289.   9.8  19.7  42.4  66.2  92.0 103.4 108.9  97.4  73.3  49.7  25.3  11.5
01361000  -73.7444   42.3306    329.   9.6  20.0  43.2  67.3  93.2 104.4 109.5  97.4  72.9  49.0  24.6  11.0
01371500  -74.1660   41.6860    711.  11.7  22.5  47.0  72.2  99.4 111.0 116.3 103.6  77.8  52.7  27.1  13.0
01372500  -73.8731   41.6531    181.   3.4  16.0  42.4  70.9 101.1 114.6 120.5 106.5  78.2  49.9  21.5   5.2
01421000  -75.1744   41.9731    784.  13.3  22.7  44.6  67.0  91.4 101.8 106.8  95.6  72.6  50.3  27.3  14.6
01423000  -75.1403   42.1661    332.  14.4  23.4  44.7  66.6  90.5 100.7 105.8  95.0  72.5  50.8  28.3  15.9
01426500  -75.3839   42.0031    595.  12.3  21.8  44.0  67.0  92.0 102.8 108.1  96.9  73.4  50.6  27.0  13.9
01445000  -74.7767   40.9811     31.   9.4  21.8  48.6  76.4 106.1 118.8 124.3 110.1  81.7  54.0  26.1  10.6
01445500  -74.9786   40.8306    106.   9.9  22.3  49.1  77.0 106.7 119.3 124.8 110.6  82.1  54.4  26.5  11.1
01500500  -75.3170   42.3210    982.  13.7  22.8  44.5  66.8  91.2 101.7 106.9  96.0  73.2  51.0  28.0  15.2
01503000  -75.8033   42.0353   2232.  10.7  20.6  43.4  67.3  93.1 104.5 110.0  98.4  74.2  50.5  26.1  12.4
01512500  -75.8486   42.2181   1483.   6.4  17.4  41.8  68.1  96.4 109.2 115.3 102.9  76.7  50.7  24.0   8.6
01514000  -76.2708   42.1292    185.   5.0  16.6  41.5  68.3  96.9 109.8 115.6 102.7  76.0  49.4  22.4   6.9
01518000  -77.1297   41.9083    282.  16.4  24.8  45.4  66.4  89.5  99.2 104.3  94.0  72.3  51.5  29.7  17.9
01520000  -77.1403   41.9967    298.  16.1  24.6  45.4  66.5  89.7  99.5 104.5  94.1  72.3  51.5  29.6  17.6
01520500  -77.1325   42.0286    771.  12.8  22.7  45.3  68.4  93.5 104.1 109.1  97.4  73.6  50.7  27.1  14.1
01531000  -76.6350   42.0022   2506.  11.1  21.2  44.1  68.0  93.7 104.9 110.1  98.3  74.1  50.4  26.1  12.5
01534000  -75.8950   41.5583    383.   5.9  18.1  43.8  70.9  99.4 111.8 116.9 103.2  75.8  48.9  22.0   7.0
01541000  -78.6772   40.8969    315.  10.7  20.7  43.8  68.1  94.4 106.0 111.7 100.0  75.5  51.4  26.6  12.5
01541500  -78.4061   40.9717    371.  12.3  21.9  44.6  68.6  94.8 106.6 112.6 101.4  77.2  53.4  28.6  14.5
01543500  -78.1033   41.3172    685.  15.0  23.5  44.4  66.1  90.0 100.5 106.0  95.7  73.6  52.2  29.6  16.9
01548500  -77.4478   41.5217    604.  11.9  22.0  45.2  69.2  95.2 106.4 111.6  99.7  75.2  51.4  26.9  13.3
01556000  -78.2000   40.4631    291.  12.7  22.6  46.0  70.5  97.4 109.4 115.4 103.7  78.9  54.6  29.2  14.8
01558000  -78.1408   40.6125    220.  11.2  21.5  45.4  70.7  98.2 110.5 116.6 104.7  79.2  54.2  28.2  13.4
01559000  -78.0190   40.4850    816.  12.5  22.7  46.7  71.8  99.1 111.3 117.3 105.3  79.9  55.1  29.2  14.6
01560000  -78.4928   40.0717    172.  14.7  25.0  48.4  72.2  98.0 108.7 113.7 101.5  76.9  53.3  29.0  15.8
01562000  -78.2656   40.2158    756.  15.0  25.6  49.5  73.8  99.8 110.5 115.4 102.8  77.6  53.6  29.0  15.9
01567000  -77.1294   40.4783   3354.  15.9  26.4  50.8  75.8 103.0 114.5 120.0 107.5  81.8  57.0  31.4  17.4
01574000  -76.7203   40.0822    510.  20.7  32.8  59.8  86.0 114.2 125.0 129.4 114.8  86.7  60.5  34.1  20.6
01595000  -79.3072   39.3019     73.  13.9  24.5  47.5  70.5  94.9 104.7 108.6  96.1  72.0  49.1  26.2  14.1
01606500  -79.1760   38.9910    642.  15.5  25.8  48.2  70.1  93.3 102.0 105.4  93.1  69.7  47.9  26.2  15.2
01608500  -78.6544   39.4469   1471.  15.4  25.9  48.8  71.2  95.0 104.0 107.6  95.0  71.2  48.8  26.5  15.2
01610000  -78.4578   39.5369   3109.  14.8  25.5  49.0  72.2  97.1 106.9 110.9  98.2  73.6  50.4  27.1  14.9
01611500  -78.3094   39.5786    677.  18.0  28.7  52.7  76.1 101.4 111.1 115.2 102.3  77.3  53.9  30.2  18.1
01628500  -78.7550   38.3220   1084.  27.3  36.5  58.4  77.9  99.3 106.2 108.9  97.0  74.9  55.2  35.3  26.3
01631000  -78.2111   38.9139   1642.  28.0  37.2  59.3  79.1 100.8 107.9 110.8  98.8  76.4  56.5  36.3  27.1
01634000  -78.3364   38.9767    768.  25.7  34.8  56.6  76.6  98.6 106.2 109.5  97.8  75.5  55.5  35.0  25.2
01643000  -77.3800   39.3880    817.  23.4  34.7  60.9  86.0 113.3 123.5 128.0 113.9  86.9  61.8  36.2  23.4
01649500  -76.9260   38.9600     73.  23.8  36.4  65.0  92.5 122.2 133.4 138.1 122.6  93.0  65.5  37.7  23.6
01663500  -77.9653   38.5917    287.  29.7  39.7  63.8  85.5 109.2 117.1 120.3 107.2  82.8  61.0  39.0  28.7
01664000  -77.8139   38.5306    620.  29.3  39.4  63.8  85.9 110.1 118.3 121.7 108.5  83.8  61.6  39.0  28.5
01667500  -77.9753   38.3503    472.  31.4  41.3  65.3  86.6 109.9 117.4 120.4 107.3  83.1  61.7  40.0  30.2
01668000  -77.5181   38.3222   1596.  30.0  40.4  65.1  87.4 111.8 119.8 123.1 109.6  84.6  62.2  39.5  29.0
01672500  -77.5490   37.7970    394.  28.6  40.3  67.0  91.3 117.4 126.1 129.2 114.3  87.2  62.8  38.4  27.2
01674500  -77.1630   37.8880    601.  24.9  38.2  67.1  94.1 122.9 132.7 136.1 119.8  90.1  63.0  36.3  23.5
02016000  -79.7597   37.7917    461.  15.4  26.8  50.4  72.7  96.1 104.1 106.5  93.0  68.7  46.2  24.5  14.1
02018000  -79.9117   37.6658    329.  23.9  34.3  56.9  77.2  98.7 105.3 107.2  94.1  71.2  50.8  30.8  22.0
02030500  -78.3778   37.7028    226.  28.3  40.3  66.5  90.0 115.0 122.8 125.2 110.1  83.5  59.9  36.6  26.3
02055000  -79.9389   37.2583    395.  28.4  38.2  60.5  79.8 100.5 106.4 108.1  95.4  73.0  53.5  34.3  26.2
02058400  -79.5250   36.9458    350.  32.0  41.8  64.6  84.0 105.1 110.9 112.8  99.8  77.0  57.4  37.9  29.8
02083500  -77.5333   35.8939   2183.  31.7  45.5  74.5  99.9 126.5 133.9 135.3 118.1  88.8  63.1  38.6  28.4
02102000  -79.1161   35.6272   1434.  32.3  44.8  72.0  95.3 120.1 126.8 128.3 112.3  85.0  61.3  38.5  29.2
02116500  -80.3861   35.8567   2280.  28.7  39.6  63.7  84.9 107.5 114.0 115.9 102.0  77.6  56.2  35.4  26.4
02118000  -80.6590   35.8450    306.  28.9  40.3  65.5  87.6 111.2 118.1 120.0 105.4  80.0  57.7  35.9  26.5
02121000  -80.3972   35.7250   3470.  28.8  40.0  64.8  86.4 109.5 116.2 118.1 103.8  78.8  57.0  35.6  26.5
02126000  -80.1758   35.1483   1372.  34.0  45.7  72.0  94.7 119.2 126.1 128.1 113.0  86.6  63.6  41.0  31.5
02135000  -79.2472   34.0569   2790.  40.1  52.9  81.1 104.2 128.9 134.6 135.5 118.7  90.7  67.2  44.6  36.1
02138500  -81.8903   35.7947     67.  17.3  29.9  55.5  79.5 104.5 112.9 115.1 100.1  73.7  49.5  26.3  15.5
02143000  -81.4030   35.6840     83.  29.5  40.7  65.5  87.1 110.1 116.7 118.4 104.0  79.1  57.3  36.0  27.0
02143040  -81.5672   35.5906     26.  30.8  41.9  66.7  88.1 111.2 117.6 119.4 105.2  80.2  58.5  37.2  28.3
02143500  -81.2644   35.4222     69.  31.9  43.4  68.9  90.9 114.4 121.0 122.6 107.9  82.2  60.0  38.2  29.2
02156500  -81.4222   34.5961   2790.  31.8  43.5  69.6  92.3 116.5 123.3 125.2 110.1  83.8  60.9  38.6  29.2
02165000  -82.1764   34.4444    236.  33.0  45.9  73.8  97.9 123.2 130.1 131.5 115.0  87.0  62.6  39.2  29.7
02174000  -80.8014   33.1764   1720.  44.7  56.2  83.4 105.4 129.3 134.9 136.2 120.4  93.6  71.3  49.3  41.1
02192000  -82.7700   33.9742   1430.  36.6  48.4  75.2  98.1 122.8 129.5 131.3 115.8  88.9  65.8  43.1  33.8
02202000  -81.8794   32.7106   1940.  44.1  55.7  83.0 105.2 129.5 135.3 136.8 121.0  94.0  71.5  49.1  40.7
02202500  -81.4161   32.1914   2650.  44.8  56.5  84.1 106.3 130.6 136.3 137.6 121.7  94.5  71.8  49.5  41.3
02217500  -83.4228   33.9467    398.  33.0  45.6  73.4  97.5 123.1 130.3 132.1 116.0  88.0  63.7  40.0  30.1
02218500  -83.2728   33.5811   1090.  36.0  48.3  75.7  99.1 124.1 130.8 132.4 116.4  88.9  65.2  42.2  32.9
02219500  -83.3494   33.6086    436.  40.0  51.7  78.6 100.9 125.2 131.3 132.9 117.4  90.6  68.0  45.7  36.9
02228000  -81.8675   31.2211   2790.  47.2  60.3  89.8 113.2 138.4 143.6 144.1 126.4  97.4  73.5  50.5  42.5
02236000  -81.3828   29.0081   3066.  54.0  70.3 103.5 127.8 152.8 155.0 152.1 130.4  98.3  73.1  50.8  45.4
02273000  -80.9628   27.2256   2886.  61.9  74.7 104.0 124.0 145.7 146.9 144.8 126.4  98.6  77.8  58.5  54.6
02296750  -81.8761   27.2219   1367.  67.3  77.2 103.0 119.7 138.7 139.4 138.3 122.6  98.5  81.2  64.1  61.2
02329000  -84.3842   30.5539   1140.  46.5  58.0  85.5 107.7 132.1 137.9 139.5 123.7  96.6  74.0  51.6  43.2
02339500  -85.1822   32.8861   3550.  31.1  43.9  71.6  95.9 121.7 129.1 130.9 114.7  86.7  62.1  38.4  28.2
02347500  -84.2325   32.7214   1850.  39.9  51.8  79.2 102.0 126.6 132.9 134.5 118.6  91.4  68.3  45.6  36.7
02349500  -84.0439   32.2981   2900.  40.9  52.7  79.9 102.6 127.1 133.4 135.0 119.3  92.2  69.3  46.7  37.8
02365500  -85.8280   30.7760   3499.  42.8  54.4  81.8 104.5 129.4 135.7 137.6 122.0  94.7  71.7  48.8  39.9
02375500  -87.2342   30.9650   3817.  39.8  52.5  81.2 105.3 131.3 138.1 139.7 123.1  94.5  70.0  46.1  36.5
02383500  -84.8331   34.5642    831.  26.3  39.1  66.2  90.5 115.9 123.6 125.4 109.5  82.0  57.5  34.0  23.7
02387000  -84.9280   34.6670    687.  25.8  39.0  66.8  91.8 118.1 126.1 128.1 111.8  83.5  58.2  34.0  23.2
02387500  -84.9414   34.5783   1602.  26.2  39.2  66.6  91.2 117.1 124.8 126.7 110.6  82.7  57.9  34.0  23.5
02414500  -85.5608   33.1167   1675.  29.9  43.7  73.1  99.2 126.7 134.7 136.6 119.4  89.6  63.2  37.9  26.9
02437000  -88.5508   33.9853   1928.  26.5  41.6  73.9 104.1 136.0 146.9 150.5 132.2  99.0  68.6  38.9  24.8
02448000  -88.5611   33.1022    768.  27.9  44.3  77.8 108.2 139.8 149.5 151.5 131.6  97.4  66.7  37.6  24.5
02456500  -86.9833   33.7097    885.  26.8  41.2  71.6  99.2 128.3 137.5 139.9 122.3  91.3  63.4  36.5  24.3
02472000  -89.4070   31.7070    743.  33.2  47.2  78.0 105.6 135.0 144.0 146.8 129.1  97.9  70.1  42.8  30.7
02475000  -88.8080   31.1030   3495.  35.4  49.1  79.3 105.9 134.3 142.6 145.0 127.6  97.1  70.3  44.0  32.7
02475500  -88.9097   32.3264    369.  33.1  47.3  78.1 105.6 134.8 143.6 146.0 128.2  96.9  69.3  42.3  30.5
02478500  -88.5480   31.1480   2690.  36.1  49.4  79.1 105.0 132.9 141.0 143.4 126.4  96.4  70.2  44.5  33.4
02479300  -88.7806   30.7361    441.  36.7  50.4  80.7 107.1 135.2 143.2 145.3 127.7  97.1  70.5  44.5  33.6
02482000  -89.3350   32.7980    904.  28.6  44.5  77.5 107.4 138.8 148.4 150.7 131.3  97.6  67.4  38.5  25.5
02486000  -90.1786   32.2817   3171.  28.0  43.7  76.7 107.0 138.8 149.1 152.0 132.8  99.1  68.6  39.1  25.5
02492000  -89.8972   30.6292   1213.  32.4  46.6  78.0 106.3 136.6 146.2 149.3 131.5  99.6  71.0  43.0  30.3
03010500  -78.3864   41.9633    550.  17.3  25.1  45.1  65.4  88.1  97.9 103.3  93.6  72.6  52.5  31.0  19.2
03011020  -78.7156   42.1564   1608.  15.8  23.8  44.2  65.3  88.9  99.4 105.1  95.4  73.8  52.9  30.6  18.0
03020500  -79.6956   41.4817    300.   9.0  18.3  41.8  67.9  96.8 110.9 118.8 108.0  82.7  57.1  29.5  12.9
03024000  -79.9561   41.4375   1028.   8.4  17.9  41.9  69.0  99.1 114.2 122.7 111.9  85.8  59.2  30.4  12.8
03032500  -79.3944   40.9944    528.  10.1  20.1  43.1  67.2  93.4 105.1 110.7  99.1  74.7  50.7  25.9  11.9
03050500  -79.8790   38.9250    272.  15.8  26.1  48.3  69.9  92.9 101.5 104.9  92.6  69.4  47.8  26.4  15.5
03051000  -79.9361   39.0292    408.  15.5  25.6  47.8  69.6  92.8 101.7 105.3  93.2  70.1  48.3  26.6  15.5
03054500  -80.0400   39.1500    916.  15.0  25.1  47.5  69.5  93.2 102.4 106.2  94.1  70.8  48.7  26.6  15.2
03065000  -79.6220   39.0720    345.  15.8  25.8  47.9  69.4  92.5 101.3 104.9  92.9  69.9  48.4  26.8  15.7
03069000  -79.6780   39.0960    214.  15.5  25.7  47.9  69.7  93.0 101.8 105.3  93.1  69.9  48.2  26.5  15.3
03069500  -79.6806   39.1222    718.  15.3  25.3  47.5  69.4  92.7 101.8 105.5  93.5  70.3  48.5  26.6  15.3
03070000  -79.6660   39.3470    937.  15.0  25.1  47.5  69.5  93.1 102.3 106.1  94.0  70.7  48.7  26.6  15.1
03075500  -79.4256   39.4219    134.  14.4  24.7  47.6  70.5  95.0 104.8 108.9  96.6  72.6  49.9  26.9  14.8
03079000  -79.2278   39.8597    382.  14.4  24.9  48.4  72.0  97.4 107.6 112.1  99.6  75.0  51.4  27.6  15.0
03109500  -80.5408   40.6758    496.   7.7  18.4  44.0  72.0 102.7 117.3 124.9 112.7  85.2  57.6  28.5  11.1
03111500  -80.7340   40.1930    123.   7.8  19.0  44.6  72.2 102.3 116.2 123.2 110.5  83.0  55.7  27.2  10.6
03114500  -80.9972   39.4750    458.  13.0  23.5  47.1  71.2  97.1 107.9 112.8 100.4  75.6  51.6  27.2  14.0
03136000  -82.1956   40.5147    948.   8.5  20.8  48.8  79.0 111.6 126.6 134.0 120.0  90.1  60.2  29.3  11.3
03155500  -81.2780   39.1190    452.  13.8  24.0  47.2  70.9  96.5 107.2 112.2 100.1  75.7  52.1  28.1  14.9
03159500  -82.0878   39.3289    943.  13.1  24.3  50.1  77.1 106.4 119.3 125.6 112.5  85.2  58.4  30.7  15.2
03161000  -81.4072   36.3931    205.  19.4  31.6  56.7  80.0 104.3 112.1 114.2  99.6  73.8  50.3  27.8  17.4
03164000  -80.9792   36.6472   1131.  19.4  31.6  56.7  79.9 104.0 111.8 113.8  99.1  73.4  50.0  27.7  17.4
03165500  -80.9530   36.8350   1340.  20.2  32.3  57.3  80.2 104.2 111.8 113.8  99.2  73.6  50.5  28.3  18.2
03167000  -80.8869   36.9394    247.  17.2  29.9  55.2  78.7 102.9 110.6 112.3  97.2  71.1  47.4  25.1  14.8
03168000  -80.7460   36.9370   2202.  20.6  32.6  57.5  80.3 104.1 111.6 113.4  98.8  73.3  50.3  28.4  18.4
03173000  -80.7097   37.2681    305.  17.5  30.0  55.0  78.1 102.0 109.5 111.1  96.2  70.5  47.2  25.2  15.1
03175500  -80.8500   37.3056    223.  16.0  28.8  54.0  77.5 101.8 109.5 111.2  96.2  70.2  46.5  24.1  13.7
03179000  -81.0106   37.5439    394.  14.8  27.6  52.9  76.7 101.2 109.3 111.2  96.2  70.0  46.0  23.4  12.7
03180500  -79.8333   38.5436    133.  16.0  26.5  49.1  70.7  93.6 101.8 104.8  92.1  68.7  47.1  25.7  15.2
03182500  -80.1308   38.1858    540.  15.9  26.6  49.3  71.0  93.9 102.1 104.8  92.0  68.5  46.7  25.4  15.0
03183500  -80.6417   37.7242   1364.  15.6  26.6  49.7  71.7  94.7 102.9 105.4  92.3  68.4  46.3  24.9  14.4
03184000  -80.8050   37.6400   1619.  15.4  26.6  49.8  71.9  95.1 103.3 105.8  92.5  68.5  46.2  24.7  14.2
03186500  -80.4842   38.3789    128.  15.5  26.4  49.3  71.3  94.4 102.5 105.2  92.2  68.5  46.5  25.0  14.5
03198500  -81.7117   38.1797    391.  10.5  23.7  49.9  75.5 102.0 111.7 114.5  99.4  72.0  46.3  21.7   9.3
03199000  -81.8360   38.0800    269.  11.3  23.9  49.6  74.9 101.3 111.2 114.6 100.0  73.1  47.8  23.2  10.6
03213000  -81.8440   37.4860    504.  11.1  24.9  51.9  78.1 104.9 114.4 116.9 101.1  72.9  46.6  21.7   9.4
03214000  -82.3890   37.8180   1188.  11.5  24.8  51.4  77.3 104.1 113.9 116.8 101.4  73.7  47.7  22.8  10.3
03237500  -83.4211   38.8036    387.  16.8  27.1  51.7  77.1 104.9 116.9 123.0 110.6  84.6  59.5  33.2  18.7
03238500  -83.9290   38.8580    218.  18.0  27.9  52.3  77.4 105.1 117.0 123.3 111.2  85.5  60.6  34.5  20.0
03251500  -84.2670   38.5980   2326.  13.7  25.8  52.5  79.6 108.7 120.7 125.9 111.7  83.7  56.6  29.3  14.6
03252500  -84.3031   38.3908    621.  14.7  25.6  51.6  78.8 108.6 121.8 128.4 115.4  87.9  60.9  32.8  16.9
03253500  -84.3108   38.7103   3300.  14.1  25.8  52.3  79.5 108.7 121.0 126.6 112.8  84.8  57.9  30.3  15.3
03265000  -84.3561   40.0578    503.   8.1  20.8  49.5  80.8 114.5 130.2 137.9 123.5  92.7  61.8  29.8  11.1
03266000  -84.2825   39.8694    650.   8.5  21.0  49.5  80.5 114.0 129.5 137.3 123.1  92.5  61.9  30.1  11.6
03269500  -83.8703   39.9231    490.  10.0  21.9  49.7  79.8 112.4 127.5 135.2 121.5  91.8  62.1  31.1  13.1
03274000  -84.5722   39.3911   3630.  10.2  22.3  50.1  80.1 112.6 127.6 135.0 121.2  91.4  61.8  31.0  13.1
03281500  -83.6772   37.4792    722.  15.5  28.4  55.3  81.3 108.5 118.4 121.6 106.4  78.4  52.4  27.0  14.4
03289500  -84.8150   38.2690    402.  14.6  25.8  52.4  80.2 110.6 124.1 130.8 117.5  89.4  61.8  33.1  16.9
03301500  -85.7039   37.7672   1299.  11.9  26.1  56.3  87.0 119.4 132.7 138.0 121.6  89.8  59.2  28.8  12.4
03303000  -86.2280   38.2370    284.  12.6  26.0  55.6  86.1 118.6 132.4 138.5 123.0  91.7  61.4  30.7  13.9
03308500  -85.8861   37.2681   1673.  12.8  27.5  57.7  88.0 119.7 132.1 136.5 119.7  87.9  57.6  28.0  12.5
03324300  -85.4536   40.7125    425.   7.9  20.9  50.2  81.9 116.0 131.7 139.3 124.6  93.2  61.8  29.5  10.8
03326500  -85.6594   40.5761    682.   8.0  20.9  50.1  81.6 115.6 131.2 138.8 124.1  92.9  61.6  29.4  10.8
03328500  -86.2639   40.7819    789.   7.5  20.7  50.5  82.7 117.4 133.4 141.2 126.3  94.4  62.5  29.6  10.5
03331500  -86.5640   41.1570    856.   7.0  20.4  50.3  82.9 117.9 134.1 142.0 126.9  94.8  62.6  29.4  10.0
03339500  -86.8994   40.0489    509.   7.7  21.3  51.3  83.5 118.2 133.9 141.3 126.1  93.9  62.0  29.3  10.4
03345500  -88.0194   38.9361   1516.  10.3  25.0  57.3  91.5 128.1 144.3 151.8 135.1 100.7  66.7  32.2  12.6
03346000  -87.9464   39.0103    318.  12.7  26.6  58.0  90.9 126.3 141.8 149.1 133.0  99.7  67.0  33.6  14.8
03348000  -85.6720   40.1060    406.   8.1  20.9  49.8  81.1 114.8 130.4 138.0 123.5  92.5  61.5  29.6  11.0
03349000  -86.0170   40.0470    858.   8.0  20.9  50.0  81.4 115.3 130.8 138.3 123.7  92.5  61.5  29.4  10.8
03361500  -85.7820   39.5290    421.   8.6  21.3  49.9  80.8 114.1 129.3 136.7 122.3  91.7  61.1  29.6  11.4
03361650  -85.8856   39.7142     94.   8.2  21.3  50.4  81.7 115.3 130.6 137.8 122.9  91.8  60.8  29.0  10.7
03362500  -85.9975   39.3608    474.   9.2  21.8  50.3  80.8 113.7 128.6 135.9 121.5  91.1  60.9  29.8  11.8
03363000  -85.9860   39.3390   1060.   8.4  21.3  50.1  81.2 114.6 129.8 137.1 122.5  91.6  60.9  29.3  11.1
03364000  -85.9256   39.2000   1707.   8.7  21.5  50.2  81.0 114.3 129.4 136.7 122.2  91.5  60.9  29.5  11.4
03365500  -85.8990   38.9830   2341.   9.4  22.0  50.5  81.0 113.9 128.8 136.0 121.6  91.2  61.0  29.9  12.0
03381500  -88.1597   38.0611   3102.  13.7  28.9  62.5  97.5 134.9 150.9 158.2 140.6 105.0  70.3  35.0  15.5
03410500  -84.5330   36.6270    954.  16.5  29.8  56.9  82.9 109.8 119.3 122.1 106.4  78.3  52.3  27.2  15.0
03438000  -87.7217   36.7778    244.  17.0  31.8  63.5  95.0 128.4 141.5 146.6 129.3  96.1  64.6  33.3  17.0
03443000  -82.6240   35.2990    296.  22.9  35.0  60.3  83.1 106.9 114.1 115.8 100.9  75.2  52.2  30.2  20.4
03448000  -82.5925   35.5019    676.  23.2  35.1  60.2  82.7 106.2 113.4 115.1 100.4  75.0  52.3  30.5  20.9
03451500  -82.5786   35.6092    945.  21.0  33.4  58.8  82.0 106.1 113.5 115.3 100.3  74.3  50.9  28.7  18.7
03455000  -83.1610   35.9820   1858.  17.8  30.7  56.7  80.8 105.8 113.8 115.8 100.4  73.7  49.4  26.3  15.6
03465500  -82.4575   36.1764    805.  13.3  26.8  53.5  78.9 105.1 114.0 116.2 100.4  72.8  47.2  23.0  11.3
03470000  -83.5780   35.8780    353.  17.9  31.1  57.8  82.7 108.5 116.8 118.8 103.1  75.7  50.6  26.8  15.7
03473000  -81.8442   36.6517    301.  14.1  26.6  52.2  76.7 102.3 111.4 114.2  99.5  73.0  48.3  24.6  12.9
03490000  -82.5680   36.6090    672.  13.5  26.2  52.0  76.9 102.9 112.2 115.1 100.2  73.4  48.4  24.3  12.3
03504000  -83.6192   35.1269     52.  11.9  26.5  54.2  80.5 107.2 115.9 117.5 100.7  72.0  45.5  20.9   9.3
03512000  -83.3536   35.4614    184.  12.2  26.4  53.8  79.9 106.6 115.5 117.3 100.9  72.5  46.1  21.5   9.8
03521500  -81.7810   37.0860    137.  12.2  25.6  52.1  77.6 103.8 112.8 115.1  99.6  72.1  46.5  22.2  10.4
03524000  -82.1550   36.9447    528.  12.2  25.5  51.9  77.5 104.0 113.4 116.1 100.7  73.2  47.5  22.9  10.7
03528000  -83.3983   36.4250   1474.  12.9  26.0  52.3  77.8 104.2 113.7 116.4 101.2  73.8  48.2  23.7  11.5
03531500  -83.0950   36.6620    319.  12.8  26.0  52.4  77.8 104.2 113.5 116.2 100.9  73.5  48.0  23.5  11.4
03532000  -83.6303   36.5417    685.  13.8  26.8  53.1  78.3 104.5 113.6 116.2 101.0  73.8  48.4  24.2  12.3
03540500  -84.5581   35.9831    764.  15.8  29.7  57.8  84.6 112.5 122.1 124.9 108.5  79.4  52.4  26.6  14.1
03550000  -83.9806   35.1389    104.  14.1  27.8  54.7  80.1 106.2 114.8 116.7 100.8  73.0  47.4  23.3  11.9
03567500  -85.2070   35.0140    428.  24.8  38.8  67.8  94.0 121.5 130.0 132.0 114.9  85.4  58.8  33.5  22.1
03574500  -86.3064   34.6242    320.  21.5  36.7  67.6  96.3 126.1 135.8 138.2 120.0  88.3  59.3  31.8  18.9
03603000  -87.7431   35.9300   2557.  18.8  33.6  64.6  94.5 126.0 137.4 141.3 123.8  91.6  61.6  32.3  17.7
04073500  -88.9522   43.9539   1340.   1.7  17.8  51.2  87.5 125.8 143.2 150.7 133.1  97.1  61.1  25.0   4.1
04079000  -88.7403   44.3922   2260.   1.4  14.2  42.4  73.3 106.0 120.9 127.6 112.8  82.4  51.8  21.0   3.2
04100500  -85.8486   41.5933    594.   7.5  20.4  49.6  81.4 115.9 132.0 140.0 125.6  94.1  62.7  30.0  10.8
04113000  -84.5550   42.7510   1230.   7.2  20.0  48.3  78.7 111.4 126.2 133.2 118.7  88.4  58.3  27.4   9.6
04115000  -84.6930   43.1100    434.   6.5  19.4  47.3  77.1 108.9 123.1 129.4 114.9  85.1  55.5  25.5   8.4
04144000  -83.9460   42.8240    368.   8.1  20.2  47.6  77.0 108.7 123.1 130.1 116.3  87.0  57.9  27.9  10.6
04164000  -82.9500   42.5780    444.   8.6  19.7  46.0  74.7 106.1 121.0 128.7 115.9  87.7  59.3  29.5  11.9
04165500  -82.9100   42.5960    734.   8.4  19.5  45.8  74.5 105.8 120.6 128.3 115.5  87.3  59.0  29.2  11.7
04176500  -83.5310   41.9610   1042.   7.3  20.0  48.5  79.3 112.7 128.1 135.5 121.3  90.7  60.1  28.6  10.2
04178000  -84.8020   41.3860    610.   7.6  20.4  49.5  81.0 115.1 130.8 138.5 123.9  92.7  61.5  29.3  10.5
04183500  -84.7444   41.1989   2129.   7.6  20.6  49.8  81.6 115.8 131.6 139.4 124.7  93.3  62.0  29.5  10.6
04185000  -84.4300   41.5040    410.   7.5  20.4  49.3  80.7 114.5 130.0 137.5 123.0  91.9  60.9  29.0  10.4
04191500  -84.3992   41.2375   2310.   7.8  20.9  50.4  82.1 116.3 131.9 139.5 124.6  93.1  61.7  29.4  10.6
04198000  -83.1589   41.3078   1251.   7.2  20.6  50.0  81.7 115.7 131.2 138.5 123.5  92.0  60.6  28.4   9.8
04201500  -81.8872   41.4067    267.   8.6  20.6  48.0  77.6 109.8 124.6 132.1 118.5  89.1  59.8  29.3  11.6
04212000  -81.0467   41.7406    581.  10.8  21.1  46.4  74.1 104.7 119.2 127.1 115.1  87.9  60.7  31.6  14.4
04221000  -77.9575   42.1222    288.  17.0  24.9  45.2  65.7  88.6  98.4 103.6  93.8  72.6  52.2  30.6  18.7
04221500  -77.9806   42.1639    308.  17.0  25.0  45.2  65.7  88.5  98.3 103.6  93.7  72.6  52.2  30.6  18.7
04223000  -78.0425   42.5703    984.  13.4  22.1  43.6  66.0  90.7 101.8 107.6  97.1  74.4  52.2  28.8  15.5
05053000  -96.7833   46.4681   2080.   6.5  21.0  54.1  90.6 130.0 148.8 158.2 141.9 106.2  70.2  32.8  10.6
05244000  -94.8789   46.6403   1010.   1.5  15.2  45.5  79.2 115.2 132.2 140.2 124.8  91.9  58.6  24.6   4.4
05280000  -93.7339   45.0867   2520.   6.0  20.7  53.4  89.2 127.5 145.4 154.0 137.6 102.4  67.1  30.7   9.4
05320500  -94.0411   44.1111   1110.   7.2  22.6  56.0  91.9 130.2 147.4 155.3 138.1 102.3  66.7  30.6   9.8
05383000  -91.1181   43.9014    398.   2.3  19.1  53.7  90.9 130.1 147.5 154.9 136.4  99.3  62.3  25.4   4.3
05408000  -90.6431   43.5742    266.   3.3  19.8  54.2  91.3 130.3 147.8 155.4 137.2 100.3  63.5  26.7   5.5
05410490  -90.8583   43.1828    687.   4.0  20.4  54.9  92.1 131.3 148.9 156.5 138.3 101.3  64.5  27.5   6.3
05410500  -90.8740   43.1910    690.   4.0  20.4  55.0  92.1 131.3 148.9 156.6 138.4 101.4  64.5  27.5   6.3
05412500  -91.2617   42.7400   1545.   7.7  23.2  56.9  93.1 131.7 149.0 157.0 139.6 103.5  67.6  31.2  10.3
05418500  -90.6344   42.0847   1553.  12.3  27.3  60.7  96.0 134.0 150.7 158.5 141.3 105.7  70.7  34.9  14.7
05422000  -90.5347   41.7669   2330.  10.7  25.8  59.1  94.5 132.5 149.4 157.3 140.1 104.5  69.4  33.6  13.2
05430500  -89.0706   42.6092   3340.   3.3  19.2  52.6  88.6 126.7 143.8 151.2 133.6  97.8  62.1  26.2   5.6
05435500  -89.6158   42.3036   1326.   6.5  22.7  57.3  94.6 134.2 151.9 159.9 141.8 104.7  67.8  30.4   9.0
05440000  -88.9986   42.1958   1099.   2.6  18.3  52.1  89.0 128.3 146.4 154.7 137.3 101.0  64.4  27.3   5.6
05447500  -90.1583   41.4889   1003.  10.4  25.8  59.7  95.7 134.1 151.2 158.9 141.4 105.2  69.6  33.3  12.7
05451500  -92.9075   42.0658   1564.  10.7  25.7  58.8  93.8 131.3 147.8 155.3 138.2 102.9  68.2  32.8  12.9
05452000  -92.3130   41.9640    201.  11.2  26.0  59.0  94.1 131.8 148.5 156.4 139.5 104.2  69.5  33.9  13.7
05454500  -91.5408   41.6567   3271.  11.0  26.0  59.1  94.1 131.7 148.3 156.0 139.0 103.7  68.9  33.4  13.4
05455500  -91.7156   41.4664    573.  11.6  26.3  59.4  94.4 132.1 148.9 156.8 139.9 104.7  70.0  34.4  14.2
05457700  -92.6731   43.0625   1054.   7.3  22.7  56.1  91.8 129.8 146.8 154.4 137.1 101.4  66.0  30.1   9.6
05458500  -92.4650   42.6483   1661.   7.7  23.1  56.4  92.0 129.9 146.9 154.6 137.3 101.7  66.4  30.6  10.1
05462000  -92.5958   42.6528   1746.   8.4  23.8  57.2  92.8 130.7 147.5 155.1 137.6 102.0  66.7  30.9  10.6
05471500  -92.6590   41.3550   1635.  12.6  27.1  59.6  94.0 131.1 147.5 155.3 138.7 104.0  70.0  34.9  15.1
05472500  -92.2044   41.3008    730.  12.1  26.6  59.3  94.0 131.3 147.9 155.8 139.1 104.2  69.9  34.7  14.6
05476500  -94.8439   43.3975   1372.   9.3  24.1  57.9  94.8 134.8 153.5 162.8 146.0 109.7  73.2  35.3  13.1
05479000  -94.1917   42.7239   1308.  10.5  25.3  58.3  93.6 131.5 148.6 156.6 139.8 104.5  69.5  33.7  13.2
05481000  -93.8033   42.4336    844.  10.9  25.6  58.5  93.4 131.0 147.8 155.6 138.8 103.7  69.1  33.6  13.4
05482500  -94.3767   41.9881   1619.  13.6  27.6  60.1  94.6 132.0 148.8 157.1 140.8 106.2  72.1  36.7  16.5
05484500  -93.9497   41.5339   3441.  13.6  27.7  60.2  94.6 131.9 148.7 156.8 140.5 106.0  71.9  36.6  16.5
05502040  -91.1490   39.6930     73.  10.9  25.4  57.7  92.0 128.9 145.2 152.8 136.3 101.8  67.8  33.0  13.3
05507500  -91.6720   39.5400   2230.  15.0  28.6  60.1  93.2 129.1 145.0 152.8 136.9 103.5  70.7  36.7  17.6
05508000  -91.4080   39.6120   2480.  14.8  28.4  59.9  93.0 128.9 144.9 152.6 136.7 103.3  70.5  36.5  17.3
05514500  -90.9833   39.0164    903.  14.1  27.6  58.6  91.2 126.5 142.1 149.7 134.0 101.0  68.7  35.3  16.5
05515500  -86.7010   41.4000    400.   6.3  19.8  49.9  82.8 118.1 134.6 142.5 127.4  95.0  62.5  29.0   9.4
05517000  -86.6210   41.3030    384.   6.6  19.9  49.9  82.6 117.7 134.1 142.0 127.0  94.8  62.5  29.2   9.7
05517500  -86.9640   41.2210   1160.   6.1  19.8  50.1  83.1 118.6 135.0 142.9 127.7  95.1  62.4  28.8   9.2
05518000  -87.3430   41.1830   1578.   5.9  19.7  50.2  83.5 119.1 135.6 143.5 128.1  95.2  62.4  28.6   8.9
05520500  -87.6686   41.1600   2294.   5.6  19.6  50.4  84.0 119.9 136.5 144.4 128.8  95.6  62.4  28.4   8.5
05526000  -87.8242   41.0089   2091.   5.7  20.3  52.0  86.2 122.7 139.3 146.9 130.6  96.5  62.6  28.1   8.2
05542000  -88.3597   41.2861    455.   2.9  18.6  52.0  88.3 126.9 144.6 152.5 135.1  99.2  63.2  26.8   5.6
05546500  -88.1792   42.5111    868.   3.3  18.5  51.0  86.4 124.0 141.1 148.9 132.1  97.1  62.1  26.6   6.0
05552500  -88.7910   41.3870   2642.   2.2  18.0  51.5  88.0 126.7 144.5 152.5 135.1  99.1  62.9  26.3   5.0
05554500  -88.6360   40.8780    579.   5.3  20.5  53.1  88.2 125.6 142.5 150.2 133.3  98.4  63.5  28.2   7.9
05555300  -88.9308   41.2083   1251.   5.7  21.0  54.1  89.7 127.6 144.7 152.4 135.2  99.8  64.5  28.7   8.2
05555500  -89.0122   41.2553   1278.   5.6  21.0  54.1  89.8 127.8 144.9 152.6 135.4  99.9  64.5  28.7   8.1
05569500  -90.2814   40.7089   1072.  12.7  27.7  61.2  96.4 134.2 150.8 158.5 141.2 105.7  70.7  35.0  15.0
05570000  -90.3428   40.4856   1636.  12.5  27.6  61.1  96.3 134.1 150.6 158.2 140.8 105.2  70.3  34.6  14.7
05582000  -89.7360   40.1340   1804.   9.8  25.0  58.3  93.7 131.6 148.3 156.0 138.7 103.1  68.0  32.3  12.0
05584500  -90.8990   40.3290    655.  11.2  26.5  59.9  95.0 132.5 148.9 156.2 138.8 103.3  68.4  33.1  13.2
05585000  -90.6319   40.0253   1293.  11.2  26.3  59.4  94.3 131.7 148.0 155.5 138.3 103.0  68.4  33.1  13.3
05592500  -89.0889   38.9597   1940.  10.9  26.1  59.5  94.9 132.8 149.4 157.1 139.8 104.2  69.1  33.4  13.2
05593000  -89.3561   38.6117   2719.  12.0  27.1  60.6  95.7 133.4 149.9 157.4 140.1 104.6  69.7  34.2  14.2
05594000  -89.4940   38.6100    735.  13.1  28.1  61.6  96.6 134.3 150.6 158.2 140.8 105.3  70.5  35.0  15.2
06191500 -110.7936   45.1119   2623.   0.3   2.5  27.0  63.6 103.0 125.0 136.9 124.0  91.2  55.5  17.6   1.0
06192500 -110.5653   45.5972   3551.   0.2   2.4  27.4  63.7 103.1 124.9 136.8 123.9  91.3  55.7  18.0   0.9
06225500 -109.0100   43.2420   1891.  12.0  19.9  44.1  71.9 103.6 120.1 130.3 120.4  94.0  66.9  36.4  17.4
06334500 -103.9731   45.5469   1970.   2.5   8.5  44.1  87.8 136.1 162.8 178.2 163.2 123.5  80.9  34.5   5.1
06340500 -101.6217   47.2853   2240.   0.0   9.4  43.6  85.2 131.1 156.1 170.3 155.6 117.6  77.0  32.9   4.3
06359500 -102.1561   45.1978   2660.   0.9  10.6  46.5  90.1 138.2 164.4 179.5 164.2 124.4  81.9  35.6   5.7
06426500 -104.9764   44.2956   1643.  24.5  33.2  61.9  94.0 131.5 150.9 163.7 152.5 121.7  90.5  54.3  32.0
06441500 -100.3839   44.3267   3107.  18.6  31.3  66.5 106.0 150.8 173.4 187.1 171.9 133.9  95.3  52.4  26.1
06446000 -102.8247   43.2547   2200.  19.6  31.2  65.0 103.2 146.8 169.3 183.2 169.2 132.7  95.3  53.4  27.5
06454500 -103.1708   42.4597   1400.  27.6  37.5  68.5 102.5 142.0 161.8 174.5 161.8 128.7  95.5  57.5  34.6
06480000  -96.7486   44.1800   3898.   7.6  22.9  58.4  97.8 140.5 161.0 171.6 154.4 116.1  77.3  36.7  12.4
06600500  -96.3119   42.5767    886.   8.5  24.7  60.6  99.5 141.3 160.4 169.6 151.5 112.9  74.5  34.9  12.0
06606600  -95.7969   42.4722   2500.  11.5  26.2  59.8  95.8 134.9 152.7 161.5 144.7 108.8  73.1  36.1  14.8
06607200  -95.8080   42.1580    669.  13.4  27.9  61.2  96.7 135.1 152.4 160.9 144.2 108.6  73.5  37.2  16.4
06609500  -95.7820   41.6420    871.  14.9  29.1  62.0  96.7 134.4 151.2 159.5 142.9 107.9  73.6  37.9  17.7
06799500  -96.5210   41.7140   1030.   9.2  25.9  63.3 104.0 147.8 168.1 177.9 159.1 118.9  78.6  37.1  13.0
06808500  -95.5800   40.8731   1326.  16.4  30.9  64.1  98.7 136.2 152.5 160.4 143.4 108.2  73.8  38.5  18.7
06810000  -95.6256   40.6325   2806.  16.7  30.9  63.9  98.3 135.6 152.0 159.9 143.2 108.2  74.1  38.9  19.1
06811500  -95.8128   40.3925    793.  22.3  36.0  69.3 103.7 141.7 158.3 166.8 150.4 115.2  81.1  45.2  25.2
06813000  -95.4089   40.3389    508.  19.7  33.4  66.1 100.1 137.2 153.5 161.7 145.4 110.8  77.2  42.0  22.4
06815000  -95.5920   40.0330   1340.  21.0  35.5  70.1 106.3 145.9 163.4 172.3 155.1 118.4  82.6  45.1  24.1
06817000  -95.0130   40.7390    762.  16.9  30.7  63.1  96.9 133.7 149.9 157.9 141.7 107.4  73.9  39.1  19.6
06817500  -95.0886   40.4450   1240.  17.2  31.0  63.4  97.2 134.0 150.3 158.3 142.0 107.7  74.2  39.4  19.8
06820500  -94.7030   39.6890   1760.  19.0  32.7  65.2  99.0 136.0 152.1 160.2 143.9 109.5  76.0  41.1  21.6
06847000  -99.8930   40.1200   1650.  29.6  44.3  84.3 127.3 175.9 199.0 212.5 194.4 151.8 109.5  63.2  36.0
06860000 -100.8550   38.7920   3555.  33.4  48.4  89.8 133.6 183.3 206.6 220.3 201.6 157.8 114.6  67.2  39.7
06868000  -98.5333   38.9333   1900.  31.8  47.7  89.8 134.3 184.3 207.5 220.7 201.2 156.5 112.7  65.0  37.6
06869500  -97.8739   39.0042   2820.  31.8  47.4  88.6 131.9 180.6 202.9 215.6 196.4 152.7 110.0  63.7  37.2
06883000  -98.0667   40.3328    979.  16.6  33.2  72.8 115.5 162.2 183.8 195.0 175.7 133.4  91.2  47.0  21.2
06884400  -96.8581   39.7758   3324.  17.4  33.6  72.3 113.6 158.9 179.7 190.4 171.5 130.3  89.4  46.5  21.6
06884500  -96.8611   39.7778   3509.  17.4  33.6  72.3 113.6 158.9 179.7 190.4 171.5 130.2  89.4  46.5  21.7
06885500  -96.4375   39.6842    410.  21.3  36.2  72.0 109.4 150.4 168.5 177.7 159.9 122.0  85.0  46.2  24.5
06888500  -96.1811   39.0622    316.  25.5  40.1  76.4 114.1 155.7 174.1 183.8 166.1 127.8  90.6  51.1  29.0
06890500  -95.4544   39.3508    922.  20.0  34.9  70.3 107.1 147.4 165.2 174.1 156.4 119.1  82.5  44.4  23.0
06892000  -95.0108   39.1164    406.  20.1  34.9  69.8 106.0 145.6 162.9 171.5 153.9 117.1  81.1  43.7  22.9
06894000  -94.3003   39.1006    184.  19.5  33.5  67.4 103.0 142.0 159.4 168.4 151.7 115.7  80.6  43.6  22.7
06897500  -93.9425   39.9269   2250.  19.0  32.6  64.6  97.8 134.1 149.9 157.8 141.7 107.8  74.9  40.6  21.5
06898000  -93.8081   40.6403    701.  15.2  29.2  61.4  95.4 132.3 148.6 156.6 140.3 106.0  72.4  37.5  17.8
06899500  -93.6442   40.0794   1670.  16.0  30.0  62.2  96.0 132.5 148.6 156.3 139.9 105.7  72.3  37.7  18.4
06908000  -93.1967   38.9922   1120.  21.5  34.9  67.3 100.7 137.5 153.5 161.7 145.6 111.4  78.3  43.5  24.2
06913500  -95.2569   38.6167   1250.  24.2  38.9  74.9 112.4 153.8 172.1 181.7 164.0 125.8  88.7  49.6  27.6
06914000  -95.2486   38.3336    334.  23.5  38.0  73.9 111.3 152.7 171.2 180.9 163.5 125.6  88.6  49.3  27.2
06928000  -92.4517   37.7592   1250.  22.1  34.3  63.5  93.0 125.5 139.1 145.9 131.1 100.5  71.2  40.5  23.9
06933500  -91.9772   37.9297   2840.  19.7  32.4  62.3  92.7 125.8 139.8 146.6 131.4 100.0  69.8  38.6  21.5
07019000  -90.5917   38.5056   3788.  15.7  29.1  59.6  91.2 125.5 140.2 147.2 131.5  99.2  67.8  35.5  17.6
07029500  -88.9767   35.2753   1480.  26.0  41.2  73.9 104.7 137.4 148.7 152.5 134.1 100.4  69.5  39.1  24.5
07049000  -93.8556   36.2006    263.  21.8  34.3  63.9  93.7 126.1 139.5 145.9 130.7  99.8  70.2  39.7  23.2
07052500  -93.4610   36.8050    987.  28.3  39.0  66.9  94.5 125.5 138.3 145.3 131.6 102.6  75.2  45.9  30.3
07056000  -92.7456   35.9839    829.   4.9  21.5  55.4  91.0 128.3 144.2 150.4 132.0  95.9  60.4  25.5   6.0
07057500  -92.2481   36.6228    561.  12.8  27.3  59.0  91.7 126.8 141.6 148.1 131.4  97.9  65.3  32.4  14.3
07058000  -92.3040   36.6260    570.  12.8  27.3  58.9  91.7 126.8 141.6 148.1 131.4  97.9  65.3  32.4  14.2
07067000  -91.0147   36.9914   1667.  14.4  28.6  59.9  92.2 126.7 141.3 147.7 131.2  98.1  66.1  33.6  15.8
07068000  -90.8475   36.6219   2038.  15.2  29.3  60.4  92.4 126.7 141.1 147.5 131.1  98.2  66.4  34.2  16.5
07069500  -91.1719   36.2053   1183.  15.1  29.4  60.9  93.0 127.3 141.6 147.7 131.0  97.8  65.8  33.6  16.1
07072000  -91.1133   36.3467   1134.  15.6  29.7  60.9  92.8 127.0 141.2 147.5 131.0  98.1  66.4  34.2  16.7
07074000  -91.4497   36.1103    473.  14.4  29.3  61.3  93.7 128.2 142.3 148.1 130.8  97.1  64.8  32.4  15.1
07144200  -97.3878   37.8322   1327.  31.4  46.4  85.3 125.6 170.8 190.9 202.1 183.7 142.6 102.8  60.0  35.8
07144780  -97.9358   37.8447    787.  34.5  50.1  91.3 134.0 181.9 203.3 215.3 195.9 152.5 110.4  64.9  39.3
07147070  -97.0125   37.7958    426.  30.0  44.8  82.9 122.3 166.3 185.9 196.6 178.4 138.3  99.3  57.6  34.1
07147800  -96.9944   37.2242   1880.  29.0  44.1  82.5 122.1 166.2 185.7 196.2 177.6 137.2  98.0  56.3  32.8
07152000  -97.2770   36.8110   1859.  33.5  49.0  89.0 130.2 176.3 196.6 207.8 188.6 146.5 105.8  62.1  37.7
07163000  -96.8680   36.1160     31.  37.5  50.6  86.2 121.8 162.2 179.4 189.3 172.4 135.3 100.1  61.8  41.0
07172000  -96.3150   37.0036    445.  30.4  45.0  82.0 119.9 162.1 180.5 190.3 172.2 133.3  95.8  55.9  33.8
07177500  -95.9540   36.2780    905.  33.2  46.5  81.6 117.1 157.0 174.3 183.8 167.1 130.3  95.2  57.4  36.6
07183000  -95.4306   37.8908   3818.  27.8  42.2  78.9 116.9 159.2 177.9 188.1 170.4 131.7  94.1  54.0  31.6
07186000  -94.5661   37.2456   1164.  24.7  38.2  71.0 104.2 140.7 156.1 163.8 147.4 113.0  80.0  45.6  26.8
07196500  -94.9208   35.9214    959.  27.4  40.0  71.3 102.6 137.3 151.7 159.1 143.3 110.6  79.6  46.9  29.3
07197000  -94.8383   35.9211    307.  29.1  41.4  72.5 103.5 137.9 152.2 159.7 144.2 111.8  81.1  48.5  31.1
07211500 -104.4933   36.2969   2850.  35.6  51.1  86.2 118.6 153.4 165.3 169.7 150.3 114.4  81.9  49.5  34.1
07221000 -104.7828   35.8003   1104.  36.0  51.7  86.4 117.7 151.3 162.0 165.5 145.8 110.5  79.0  47.9  33.7
07222500 -104.4431   35.4028    523.  36.7  62.3 111.5 155.1 199.2 211.0 211.4 180.7 130.7  86.4  46.1  29.4
07243500  -96.0650   35.6750   2018.  43.0  54.1  87.2 119.7 157.3 173.2 183.0 167.8 133.6 101.5  65.8  46.5
07252000  -94.0153   35.5769    373.  20.6  33.3  63.2  93.5 126.6 140.5 147.2 132.0 100.7  70.6  39.3  22.3
07261000  -92.4028   35.2989    169.  10.8  26.9  59.9  93.8 129.2 143.7 149.2 130.9  96.0  62.2  29.0  11.2
07288500  -90.5430   33.5470    767.  34.4  48.1  79.6 108.4 139.7 150.2 154.4 137.0 104.8  75.9  46.8  33.1
07289500  -89.9661   32.8806   1493.  26.2  42.7  77.0 109.0 142.5 153.5 156.7 136.8 101.5  69.4  38.4  23.8
07290000  -90.6967   32.3475   2812.  26.4  42.5  76.4 108.0 141.3 152.4 155.8 136.3 101.4  69.6  38.8  24.2
07307800 -100.0733   34.2275   2754.  65.1  84.0 129.8 169.6 213.4 226.6 231.9 206.6 160.7 120.6  79.9  62.2
07340000  -94.3875   33.9194   2662.  32.9  44.4  75.3 105.9 140.5 155.0 163.1 148.3 116.2  85.9  53.2  35.5
07346000  -94.4986   32.7494    850.  43.0  53.7  84.9 114.7 149.1 163.0 171.2 156.5 124.5  95.0  62.5  45.5
07346050  -94.7508   32.6725    383.  44.3  54.7  85.7 115.5 150.0 164.1 172.6 158.2 126.3  96.9  64.1  47.0
07346070  -94.3456   32.7139    675.  42.9  53.6  84.8 114.7 149.3 163.4 171.8 157.1 125.0  95.3  62.6  45.4
07348000  -93.8778   32.6458   3137.  37.3  49.3  81.5 112.7 148.0 162.2 170.1 154.3 121.1  90.1  56.8  39.3
07363500  -92.0258   33.7008   2102.  10.4  26.5  59.7  93.6 129.3 143.8 149.3 131.0  95.9  62.0  28.7  10.7
07375500  -90.3617   30.5064    646.  32.7  46.6  77.8 106.1 136.5 146.3 149.7 132.1 100.3  71.8  43.7  30.8
07378000  -91.0740   30.5120    284.  33.1  46.1  76.5 104.6 135.1 145.7 150.1 133.6 102.6  74.4  45.9  32.3
07378500  -90.9903   30.4639   1280.  32.5  46.1  77.1 105.5 136.2 146.5 150.3 133.1 101.5  73.0  44.4  31.1
08013500  -92.8139   30.6403    753.  34.5  47.1  77.4 105.7 136.8 147.9 152.9 136.8 105.7  77.5  48.4  34.2
08015500  -92.9153   30.5028   1700.  35.0  47.4  77.6 105.7 136.7 147.8 153.0 137.0 106.1  78.0  49.0  34.9
08032000  -95.4306   31.8922   1145.  51.9  61.4  92.1 120.8 154.9 168.5 177.3 163.4 132.1 103.7  71.4  54.8
08033500  -94.3986   31.0247   3636.  48.7  58.1  88.3 116.9 150.5 164.2 173.0 159.3 128.4 100.2  68.2  51.7
08055500  -96.9442   32.9658   2459.  60.3  69.4 101.3 130.5 165.6 179.4 188.8 174.7 142.4 113.6  80.2  63.4
08085500  -99.2242   32.9344   3988.  60.8  78.7 123.0 162.6 206.6 221.0 227.4 203.6 158.8 119.1  78.1  59.3
08095000  -97.5678   31.7858    968.  58.2  72.3 109.9 143.3 181.2 194.0 200.5 181.1 143.1 109.7  74.2  57.8
08103800  -98.0164   31.0817    818.  60.8  72.0 107.1 138.9 176.3 190.4 199.1 182.5 147.0 115.4  80.0  62.7
08146000  -98.7192   31.2131   3046.  57.3  73.9 117.1 157.1 202.2 218.6 227.0 204.9 160.8 120.9  78.7  58.0
08150000  -99.7219   30.4975   1856.  60.4  78.0 122.6 163.1 208.2 223.7 231.1 207.6 162.3 121.8  79.6  59.7
08150700  -99.1089   30.6606   3247.  59.7  75.5 117.7 156.4 200.2 216.0 224.3 202.8 159.9 121.3  80.2  60.3
08167500  -98.3828   29.8606   1315.  61.3  72.4 107.6 139.8 177.9 192.4 201.7 185.3 149.6 117.6  81.6  63.7
08171000  -98.0886   29.9942    355.  59.7  69.7 102.9 133.4 169.8 184.1 193.4 178.4 144.7 114.5  80.0  62.6
08171300  -97.9097   29.9792    412.  59.4  69.4 102.6 133.2 169.5 183.7 193.0 178.0 144.3 114.1  79.6  62.3
08172000  -97.6497   29.6650    838.  57.6  68.0 101.2 131.9 168.1 182.2 191.2 175.8 142.0 111.7  77.4  60.1
08189500  -97.2789   28.2917    690.  41.0  53.1  88.0 122.9 162.9 180.2 190.5 174.4 138.1 103.7  65.7  44.9
08205500  -99.1444   28.7364   3429.  58.4  71.6 109.4 144.2 184.3 199.4 208.1 189.7 151.2 116.6  78.7  60.1
08340500 -107.1890   35.5930   1390.  21.3  45.8  92.0 135.1 178.6 192.2 194.1 165.7 118.2  74.5  34.5  16.2
09127998 -107.6489   38.5261   3965.  19.3  31.5  60.4  89.9 122.2 135.9 142.6 128.0  97.6  68.3  37.8  21.2
09132500 -107.4336   38.9258    526.  15.7  30.4  63.7  98.3 135.7 151.8 159.3 142.2 106.9  72.6  37.3  17.8
09251000 -108.0292   40.5028   3410.  19.1  30.2  59.8  91.7 127.6 144.8 154.6 141.2 109.6  78.2  44.0  23.8
09292500 -110.3410   40.5120    132.  16.1  26.9  56.2  88.8 125.6 144.0 154.9 142.1 110.5  78.5  43.2  21.9
09299500 -109.9269   40.5869    113.  15.1  26.6  57.1  90.9 129.0 147.9 159.0 145.5 112.7  79.4  43.0  20.9
09430500 -108.5367   33.0611   1864.  39.4  57.7  94.9 126.4 158.6 166.1 166.0 142.9 105.7  73.7  44.3  33.5
09431500 -108.6750   32.7269   2829.  35.6  57.1  99.0 135.2 171.8 180.8 180.4 154.0 111.8  74.8  41.5  29.2
09442692 -108.5150   33.8914     94.  41.2  56.9  90.1 117.7 146.7 153.5 154.1 134.0 100.9  72.8  46.3  36.2
09444500 -109.2953   33.0494   2766.  33.8  52.7  90.7 124.2 158.8 168.4 169.6 146.6 108.1  74.1  42.3  29.0
09497500 -110.4990   33.7980   2849.  38.2  52.8  86.7 117.7 151.5 162.9 167.4 148.9 114.3  83.1  51.7  37.0
10296000 -119.4492   38.3797    180.  19.4  28.8  57.0  88.7 125.2 143.8 155.5 143.9 113.5  82.5  47.5  26.0
10296500 -119.4542   38.5153    250.  20.4  29.6  57.6  88.9 125.1 143.5 155.1 143.7 113.5  82.9  48.2  27.0
10301500 -119.0972   39.1528   2600.  14.5  25.4  56.6  92.1 132.3 153.0 165.6 152.4 118.6  83.9  45.3  21.3
10309000 -119.7030   38.8470    356.  18.4  27.4  55.3  87.1 123.9 143.2 155.5 144.4 114.1  83.1  47.8  25.7
10312000 -119.3111   39.2917   1302.  15.5  26.2  57.0  92.0 131.9 152.5 165.1 152.2 118.9  84.7  46.4  22.6
11025500 -116.8653   33.1069    112.  61.7  65.6  91.0 115.3 146.9 161.6 173.7 165.2 139.3 115.7  85.1  68.2
11080500 -117.8050   34.2360     85.  49.6  53.2  78.6 105.7 140.7 159.2 174.1 166.9 140.2 114.0  79.9  59.1
11138500 -120.1672   34.8397    281.  39.8  45.7  73.6 104.8 143.2 163.8 179.1 170.1 140.2 110.1  72.7  49.5
11160000 -121.9547   36.9914     40.  -1.0  -1.0  -1.0  -1.0  -1.0  -1.0  -1.0  -1.0  -1.0  -1.0  -1.0  -1.0
11210500 -118.9533   36.4067    519.  27.7  35.8  69.4 109.0 155.9 181.7 199.4 187.5 150.6 112.2  66.8  37.8
11213500 -119.1233   36.8633    952.  20.1  28.3  58.1  93.2 134.5 157.1 172.2 161.4 128.7  94.6  54.7  29.1
11222000 -119.3350   36.8167   1693.  21.0  30.4  62.6 100.3 144.3 168.2 183.9 171.9 136.6 100.0  57.4  30.3
11224500 -120.4697   36.2147     96.  31.6  44.9  83.0 123.9 170.6 193.1 206.8 190.1 149.7 109.5  64.8  38.5
11281000 -120.0119   37.8217     87.  32.0  40.0  69.1 101.1 139.2 158.6 172.0 161.0 130.0  98.8  62.1  39.7
11342000 -122.4161   40.9397    425.  13.3  24.2  53.4  85.9 122.1 140.0 150.1 136.9 105.4  73.6  39.0  18.2
11355500 -121.4236   40.6867    162.  23.3  34.2  66.9 103.4 145.4 166.7 180.2 166.8 131.6  96.0  55.7  30.9
11401500 -120.9269   40.0781    739.  19.6  31.5  64.8 102.1 144.4 165.6 178.5 164.2 128.2  91.8  51.2  26.6
11403000 -121.2175   40.0106   1025.  22.2  33.5  66.4 102.9 144.6 165.5 178.4 164.5 129.1  93.5  53.5  29.2
11413000 -120.9369   39.5250    250.  34.1  43.2  74.2 107.8 147.3 166.9 180.1 167.8 134.8 102.1  64.1  41.3
11427000 -121.0228   38.9361    342.  26.0  35.9  67.6 103.0 144.3 165.5 179.3 166.8 132.6  98.1  58.4  34.0
11497500 -121.2375   42.4472    513.  10.8  21.3  50.0  83.0 120.2 139.5 151.1 139.0 107.7  75.5  39.7  17.4
11501000 -121.8486   42.5847   1580.  12.1  21.9  49.1  80.2 115.3 133.3 144.2 132.6 103.0  72.7  39.0  18.1
11530000 -123.6708   41.0500   2853.  12.7  23.7  53.2  86.0 122.4 140.3 150.4 137.0 105.2  73.0  38.2  17.4
11532500 -124.0539   41.7894    609.  20.2  26.1  44.7  64.3  87.2  98.2 105.2  97.4  77.8  58.5  36.6  23.8
12027500 -123.0344   46.7761    895.   0.8  10.9  33.8  58.3  83.5  94.5  98.6  85.9  61.4  37.0  13.2   1.1
12098500 -121.9490   47.1510    401.   0.0   5.9  34.2  65.4  97.3 111.7 116.9 101.2  70.5  39.4   9.5   0.0
12134500 -121.6656   47.8375    535.   0.0   4.5  33.8  66.3  99.2 114.0 119.2 102.7  70.9  38.6   7.7   0.0
12144500 -121.8411   47.5453    375.   0.0   7.6  35.2  65.4  96.2 109.9 114.8  99.4  69.6  39.6  10.6   0.0
12149000 -121.9240   47.6660    603.   0.0   8.8  35.8  65.1  95.2 108.4 113.2  98.1  68.9  39.7  11.5   0.0
12340000 -113.7560   46.9000   2290.   0.0   6.7  35.0  68.7 105.3 124.6 134.9 121.9  90.7  57.6  22.6   0.4
12358500 -114.0092   48.4953   1128.   0.0   5.7  33.9  67.9 104.9 124.7 135.6 122.9  91.6  58.3  22.9   0.5
12413000 -116.2528   47.5722    895.   0.2   8.0  36.4  70.0 106.3 125.3 135.3 122.1  90.8  57.8  23.1   1.3
12413500 -116.3069   47.5639   1220.   0.1   7.8  36.2  69.8 106.2 125.2 135.2 122.0  90.7  57.7  22.9   1.1
12449500 -120.1150   48.3653   1301.   0.0   0.0  26.6  64.7 103.5 122.8 130.6 113.4  77.7  40.1   3.6   0.0
12449950 -119.9839   48.0775   1772.   0.0   0.0  26.0  65.0 104.6 124.4 132.4 114.8  78.4  39.9   2.9   0.0
12459000 -120.6128   47.5833   1000.   0.0   0.5  29.4  65.6 102.4 120.0 126.7 109.5  75.1  39.2   4.7   0.0
12462500 -120.4233   47.4994   1301.   0.0   0.4  29.0  65.4 102.6 120.6 127.7 110.6  76.0  39.8   4.9   0.0
13186000 -115.3056   43.4944    635.   3.7  11.4  38.3  70.1 105.2 123.7 134.2 122.3  92.7  61.6  28.0   6.6
13200000 -115.9889   43.6481    399.  15.1  23.2  51.5  83.3 118.8 136.5 146.8 134.1 103.5  72.3  38.3  19.1
13298500 -114.2550   44.3786   1800.   0.1   4.6  33.6  68.8 107.1 127.8 139.2 126.2  93.9  59.4  22.7   1.4
13302500 -113.8944   45.1833   3760.   0.1   4.9  33.7  69.0 107.5 128.3 139.6 126.6  94.2  59.6  22.8   1.4
13336500 -115.5128   46.0867   1910.   0.0   6.5  34.5  68.1 104.7 124.2 134.8 122.1  91.1  58.2  23.2   0.7
13337000 -115.5864   46.1506   1180.   0.0   6.9  35.2  68.9 105.4 124.7 134.9 121.9  90.6  57.5  22.6   0.5
13340500 -115.5078   46.6314    996.   0.0   6.8  35.4  69.4 106.0 125.2 135.2 121.8  90.1  56.8  21.8   0.0
13340600 -115.6197   46.8406   1360.   0.0   6.7  35.4  69.4 106.0 125.2 135.1 121.8  90.1  56.8  21.8   0.0
13351000 -118.1478   46.7586   2500.   1.2  14.7  52.6  95.8 142.1 164.8 176.0 157.3 115.9  73.3  29.4   4.1
14080500 -120.7944   44.1139   2700.   5.7  13.6  46.3  84.3 125.8 147.0 158.4 143.3 107.4  70.1  30.5   8.4
14101500 -121.0939   45.2417    417.   0.2   9.7  39.3  72.8 108.2 125.4 133.3 118.2  86.0  52.8  19.3   0.5
14113000 -121.2089   45.7567   1297.   0.0   4.4  36.3  74.3 113.9 133.3 141.7 124.5  88.3  50.7  13.2   0.1
14232500 -121.8628   46.4417    321.   0.0   0.8  31.3  67.9 104.7 121.8 127.8 109.7  74.5  38.1   3.5   0.0
14233400 -122.0975   46.4703   1030.   0.0   2.1  32.2  67.0 102.3 118.6 124.3 107.0  73.2  38.5   5.3   0.0
14308000 -122.9472   42.9306    449.   6.3  14.8  41.1  71.4 104.9 122.2 131.8 120.0  91.3  61.6  29.5   9.6
14321000 -123.5542   43.5861   3683.   3.8  12.6  36.9  65.1  96.2 112.3 121.3 110.5  83.9  56.3  26.5   7.8
14359000 -122.9861   42.4375   2053.  15.7  23.8  48.1  74.8 105.2 120.3 129.4 118.9  92.8  66.6  37.5  20.0
