01048000  -69.9392 44.7072   514.  83.8400  76.1700  88.6500  98.2600 102.2500 111.5900  98.4100 109.3500  96.4000 101.2400 121.0800 110.0600
01055500  -70.2303 44.2694   169.  78.8400  73.5900  86.8200  95.6000  95.8900 101.1100  91.6000  98.7600  85.4100  99.5600 122.7400 104.1000
01060000  -70.1792 43.7992   141.  90.0500  88.5500 102.4900 107.1100  95.9800  93.9800  87.8400  85.9900  79.7500 100.6500 131.4000 116.5300
01064500  -71.0914 43.9908   385. 116.2300 116.6500 126.2100 129.7800 125.2800 131.2100 124.5400 137.8000 120.0400 128.3400 160.1100 145.5100
01076500  -71.6861 43.7592   622.  85.4600  84.0800  92.4600 100.9000 105.5200 113.7500 109.4200 121.8900 100.4800 105.6200 123.9600 109.3400
01127000  -71.9850 41.5980   713.  96.6900  87.5600  98.1500 104.6500 104.2300  99.8700  97.6000  98.8300  97.0200 102.4100 113.9300 105.9200
01138000  -71.9860 44.1540   395.  65.2700  62.1600  70.4900  78.6300  88.3200 103.9700 100.6400 112.8300  85.8800  87.6200  98.8700  87.5800
01197500  -73.3550 42.2320   282.  77.0600  73.2900  84.4100  99.8200 115.5400 108.6300 106.0100 115.7900  96.2400  92.6900 102.9100  90.2300
01200000  -73.5290 41.6590   203.  73.5200  72.8400  79.7300  89.3800 103.3400 106.7700 102.0000 106.8200  89.1100  84.4400  92.4300  87.3900
01321000  -74.2708 43.3528   491.  96.7100  84.9300 106.0600 101.7500 112.9300 103.7800 102.4600 124.5200 118.6100 109.3500 126.8900 115.7700
01329000  -73.1572 43.0772   152.  84.7900  82.4900  97.3300  97.8800 117.8000 109.2900 102.7800 126.6000  99.2700 104.8200 109.4100 101.3600
01329500  -73.4319 43.1014   394.  72.8600  66.9700  82.1500  86.7300 105.8700  98.6100  93.0300 117.2300  94.1100  90.3300  96.9700  86.4000
01334500  -73.3775 42.9386   510.  71.1800  66.3800  79.5500  91.2600 108.1700 109.6800 102.2300 115.6400  93.5600  91.2600 100.8900  83.4800
01348000  -74.7411 43.0167   289.  95.1900  82.5900 100.5700 106.4100 115.5100 113.7300 108.3500 123.4400 123.7100 106.3600 129.7000 114.9200
01361000  -73.7444 42.3306   329.  67.8400  63.0000  76.2800  87.5000 102.4800 102.5300  99.0900 103.7200  87.9100  83.6100  92.7100  79.0100
01371500  -74.1660 41.6860   711.  78.7200  72.1300  87.1000  98.2500 114.0400 105.8000 103.3700  99.1800  93.4200  83.2700 101.8500  88.5900
01372500  -73.8731 41.6531   181.  74.4600  71.4300  80.7400  90.0700 105.2700 102.8100 100.3700 100.3200  88.3100  82.9200  93.2100  86.6800
01421000  -75.1744 41.9731   784.  68.5000  63.3100  80.4800  91.9900 109.1300 105.5600 102.4100 103.3300  90.8600  88.8900  96.6900  83.0800
01423000  -75.1403 42.1661   332.  65.3300  61.0000  77.1000  88.5300 105.3200 101.2400 100.6700  99.5500  91.9500  86.9600  94.1000  81.2700
01426500  -75.3839 42.0031   595.  68.1400  63.6600  79.4100  90.4100 105.0700 102.0100 100.2300 102.1600  91.4400  87.7100  96.6000  83.7100
01445000  -74.7767 40.9811    31.  77.4600  69.1600  85.2500  97.8000 108.2200 107.2000 110.5500 110.0600  97.2600  83.7000  97.2600  84.3000
01445500  -74.9786 40.8306   106.  83.9000  74.7800  91.4700 103.2800 114.7900 108.1900 115.1900 113.5700 103.3600  88.8500 104.1600  91.3400
01500500  -75.3170 42.3210   982.  62.8100  58.0700  77.2000  87.6100  99.9300 104.5900  96.8100  94.3200  96.4800  84.3400  94.1600  81.5000
01503000  -75.8033 42.0353  2232.  62.9700  59.0200  75.4500  87.1400  97.6300 103.3500  95.7000  94.0300  94.7200  84.4100  93.7900  80.3900
01512500  -75.8486 42.2181  1483.  62.7300  60.9900  71.2300  86.1400  92.7100 103.0200  90.3700  92.0400  98.6700  85.4400  95.0200  85.2800
01514000  -76.2708 42.1292   185.  54.1800  57.1300  66.3900  81.7800  88.9200 102.3100  90.5800  87.2900  92.1200  83.7800  90.5400  75.7700
01518000  -77.1297 41.9083   282.  46.5300  50.0900  58.4400  68.6800  86.6900 109.4600  91.3500  77.1900  80.6700  72.9400  74.5900  62.0700
01520000  -77.1403 41.9967   298.  46.3500  49.9700  58.2800  68.5800  86.4300 109.0500  91.3000  77.0200  80.4000  72.8100  74.4700  61.9400
01520500  -77.1325 42.0286   771.  44.5800  48.5100  57.5000  67.1000  84.4800 105.3400  87.4200  74.6100  78.5300  70.7800  73.2900  59.0600
01531000  -76.6350 42.0022  2506.  44.1800  47.8700  55.8400  69.1300  82.0400 103.1600  86.1000  76.0400  81.3500  71.4700  74.0400  60.0300
01534000  -75.8950 41.5583   383.  64.8400  62.9600  73.3100  85.9200  98.4000 101.2300  97.3200  93.3800  88.3000  80.9400  90.3600  75.6200
01541000  -78.6772 40.8969   315.  76.1700  72.9100  96.4300  94.0500 109.7900 115.6900 117.2600 101.5600  99.6600  77.7500  93.2500  87.5200
01541500  -78.4061 40.9717   371.  67.7200  67.0600  87.7400  87.4000 107.0400 112.3700 111.1400  95.0800  94.9600  75.4200  86.8900  76.6700
01543500  -78.1033 41.3172   685.  69.2900  66.1200  85.0400  87.5700 104.4900 124.8100 110.5100 103.1300  99.5700  83.9800  95.0100  86.9900
01548500  -77.4478 41.5217   604.  53.2400  56.4400  67.8700  72.1900  90.9200 112.6600  96.0500  85.3300  85.9700  73.6000  81.2800  66.8300
01556000  -78.2000 40.4631   291.  71.6100  69.7800  92.8600  91.0100 106.7600 104.6800 106.3500  87.6100  93.9000  77.6000  87.1200  77.0100
01558000  -78.1408 40.6125   220.  58.3000  62.0700  80.7700  82.8400 103.0700 112.1800 110.8800  93.6800  92.4100  75.0700  81.4200  66.2000
01559000  -78.0190 40.4850   816.  64.0400  65.7200  85.3400  84.1600 102.3700 106.1100 103.6500  87.2800  90.6100  75.9100  83.2100  70.8500
01560000  -78.4928 40.0717   172.  72.1200  69.4900  93.7300  90.9400 104.7200 102.0900 110.0800  88.0000  92.1900  82.6700  86.0000  78.7900
01562000  -78.2656 40.2158   756.  64.3700  64.6800  85.4200  86.4100  98.1400  96.0300 101.4500  81.8700  85.1300  77.9700  80.5500  72.3700
01567000  -77.1294 40.4783  3354.  63.3700  65.5700  83.8500  83.5000 100.1900 102.6200 100.1100  83.2900  87.6300  78.0200  83.1400  72.0400
01574000  -76.7203 40.0822   510.  73.4200  71.0300  82.1900  86.3800 101.4200  99.4100  88.7500  83.8100  91.0100  79.8500  86.3400  79.8600
01595000  -79.3072 39.3019    73.  92.2500  83.3400 110.9800 114.3200 122.7500 121.4200 133.1300 113.0600  90.5500  86.7800  97.9700 102.0700
01606500  -79.1760 38.9910   642.  74.5300  72.2700  93.6100  89.9100 100.9000 100.9900 102.9300  98.1200  83.2600  82.0100  77.7800  77.0600
01608500  -78.6544 39.4469  1471.  65.5100  63.9000  84.6700  82.1400  94.3300  95.8500  97.0100  92.7600  78.7800  77.5500  72.1100  68.4800
01610000  -78.4578 39.5369  3109.  66.5000  64.5500  87.3600  86.7900  96.9100  94.2700  99.4000  91.5800  79.0900  75.3900  73.8000  71.7900
01611500  -78.3094 39.5786   677.  58.1200  58.7400  78.9700  78.4500  91.1800  93.4000  92.5800  88.9600  78.6200  74.1300  71.7000  61.3100
01628500  -78.7550 38.3220  1084.  59.3500  60.9500  76.1400  75.3500  93.5300  79.5500  95.8300  96.0700  86.8400  89.3400  78.3700  66.5800
01631000  -78.2111 38.9139  1642.  59.5200  60.8500  74.7600  73.8600  93.0000  80.9100  95.0000  94.4100  86.6700  88.2700  78.3800  65.9400
01634000  -78.3364 38.9767   768.  56.2000  58.3300  72.1700  71.7700  92.6800  88.4000  93.1900  92.9000  83.3500  80.7400  75.1200  61.4700
01643000  -77.3800 39.3880   817.  75.5700  73.0200  86.7200  91.1700 106.6200 102.6100  87.3500  87.0600  94.6800  85.8600  90.3700  81.3000
01649500  -76.9260 38.9600    73.  74.0800  73.4400  87.6100  84.7900 110.8700  94.9800  98.7800 101.5300  92.2500  85.7100  89.4700  85.0300
01663500  -77.9653 38.5917   287.  67.3000  69.6300  80.3200  85.5000 110.3800  95.9600 105.7300 107.4600  95.4300  99.5900  95.9500  73.3600
01664000  -77.8139 38.5306   620.  67.4500  68.7900  80.4700  84.3000 107.8600  95.5200 101.7500 105.1100  92.1000  94.8600  92.2900  72.8900
01667500  -77.9753 38.3503   472.  73.3800  75.2500  88.4500  84.4900 112.0200  97.2900 110.3800 107.6900  99.3800 107.7600 100.4300  79.1500
01668000  -77.5181 38.3222  1596.  70.9600  71.8000  84.3000  83.2400 107.9000  96.3800 103.8200 104.5200  93.9700  97.9200  94.0500  76.0400
01672500  -77.5490 37.7970   394.  78.8500  77.2500  91.5000  76.5500 102.0900  92.2400 105.9900 108.5200  85.8100 100.5800  88.1400  82.0900
01674500  -77.1630 37.8880   601.  80.3500  76.0900  91.2200  77.6400 101.4600  92.5200 101.9300 100.5200  89.2600  90.0400  86.0000  83.4600
02016000  -79.7597 37.7917   461.  73.4500  74.5900  92.4900  87.6600 102.0100  88.4900 105.2100  92.1900  86.3400  92.7700  85.7900  79.9200
02018000  -79.9117 37.6658   329.  69.2800  72.5900  85.7700  85.8500  98.1500  82.7100 104.3600  93.9000  82.3200  88.4700  75.7300  72.5900
02030500  -78.3778 37.7028   226.  77.6100  80.0700  93.5700  79.7200 107.2900  86.2800 108.5800 103.6000  92.1200 105.5600  87.8100  79.9100
02055000  -79.9389 37.2583   395.  68.8000  69.2400  83.1100  83.8300  98.4300  81.6100  97.3200  91.5100  83.2200  89.8000  76.0400  70.4400
02058400  -79.5250 36.9458   350.  77.4100  80.7600  95.9800  91.6700 105.3000  90.7500 116.2900 103.1400  99.4300 101.9700  84.5000  79.0300
02083500  -77.5333 35.8939  2183.  93.2700  93.7600 100.2500  78.6200 102.9000  98.5800 111.3700 116.2300  90.1700  80.4000  80.1600  83.9800
02102000  -79.1161 35.6272  1434.  95.7800  96.4800 105.6000  79.2100 109.0300 104.0600 117.6900 116.0800  89.3800  90.0000  79.0900  88.2000
02116500  -80.3861 35.8567  2280.  87.0000  94.4600 113.8500  96.2000 116.9100 107.1400 113.7300 105.3100 105.6100 105.7400  90.6100  89.0800
02118000  -80.6590 35.8450   306.  92.9700 101.7500 117.7900  90.7300 117.3100 118.3800 110.1700 113.8900 106.0200 103.0600  89.4800  95.6000
02121000  -80.3972 35.7250  3470.  88.4100  95.4700 113.6500  92.4700 115.8500 109.1700 110.6800 105.3500 103.7100 103.7900  88.5000  90.4800
02126000  -80.1758 35.1483  1372.  98.4000  98.9000 113.0200  75.6300 101.5300 105.7700 114.4000 105.4100  92.6100  94.6500  80.9200  91.7600
02135000  -79.2472 34.0569  2790.  96.4200  94.8100 108.6100  72.6300  96.5700 118.4300 146.0000 128.0800  96.1000  77.0000  74.3500  83.4600
02138500  -81.8903 35.7947    67. 102.3000 111.1400 136.6700 114.6000 135.1600 125.2800 126.9800 130.3100 122.5000 119.5600 115.3800  95.3300
02143000  -81.4030 35.6840    83.  92.9000 105.6700 120.2300  92.6100 120.9800 117.9100 114.7800 108.8900 108.7600 105.4400  94.5500  95.6200
02143040  -81.5672 35.5906    26.  96.6600 107.5500 125.9900  99.0700 126.0300 121.6900 120.1700 116.9900 112.7200 113.2100 101.5800  97.7900
02143500  -81.2644 35.4222    69.  95.8200 104.0500 119.4600  89.8800 119.1800 113.0300 118.0800 111.9500 100.0400 103.4000  89.9700  99.3100
02156500  -81.4222 34.5961  2790. 104.2900 108.5500 131.9400  92.9100 118.0600 115.0000 118.0200 120.0000 103.6100 107.0900  95.7500 104.0200
02165000  -82.1764 34.4444   236. 122.6800 115.4300 142.4200 101.5900 114.6800 112.9600 114.2500 102.2700  99.6700 102.0900  99.0900 112.3800
02174000  -80.8014 33.1764  1720. 111.3000 105.1700 118.5700  87.3500  95.0900 124.2600 133.8100 128.2900  89.7200  74.5200  68.9800  91.0400
02192000  -82.7700 33.9742  1430. 131.6400 119.4400 145.5900 109.0000 110.5800 104.0900 119.2000 100.2300  91.5300  91.1000  97.7300 112.6400
02202000  -81.8794 32.7106  1940. 114.2700 111.2000 121.8300  89.5500  95.8600 102.8000 118.4200 115.8800  81.1200  69.2100  70.7300  95.8300
02202500  -81.4161 32.1914  2650. 111.8400 108.8300 119.1500  86.5500  97.1600 107.8600 122.3500 121.0400  84.1400  67.4500  68.4800  94.0300
02217500  -83.4228 33.9467   398. 139.5800 122.5400 154.4200 118.9500 113.4300 102.9400 117.1100  97.8500  98.4300  97.3400 102.6400 119.4300
02218500  -83.2728 33.5811  1090. 132.8600 118.9600 147.5100 111.9900 111.5400 101.9100 117.6800  97.4300  92.3600  92.4100  98.1300 113.0000
02219500  -83.3494 33.6086   436. 128.1400 115.7100 142.0000 108.1700 108.7600  98.4300 116.4800  95.4300  83.7100  88.3900  91.8400 106.9800
02228000  -81.8675 31.2211  2790. 108.8100 105.1800 114.0100  80.4600  95.3800 124.7200 151.0400 152.7500  87.1800  58.9700  63.8100  97.2100
02236000  -81.3828 29.0081  3066.  61.7500  77.2700  82.0200  57.0400  98.4800 175.2400 181.2100 183.1100 167.7900  93.7400  59.0200  56.2400
02273000  -80.9628 27.2256  2886.  55.4300  75.8100  79.2500  46.3500 103.7100 185.9100 188.5500 179.3200 156.5900  74.6900  50.9200  49.8400
02296750  -81.8761 27.2219  1367.  56.8600  76.5900  81.0400  41.3900 106.2300 191.4500 193.8400 184.2200 154.1200  58.1200  52.4600  51.3200
02329000  -84.3842 30.5539  1140. 125.1400 126.2000 136.8100  94.7300 106.2000 134.1100 156.9300 130.4900  91.7300  58.1400  78.6200 109.6600
02339500  -85.1822 32.8861  3550. 143.3200 137.7200 164.6800 129.1300 123.0100 105.7200 132.0800 106.5200  99.3000  90.1600 109.8300 134.0100
02347500  -84.2325 32.7214  1850. 125.7000 129.7100 149.4800 114.8600 105.6300 100.5500 122.7800  98.7000  80.8100  75.1100  93.0900 120.3900
02349500  -84.0439 32.2981  2900. 124.5400 127.1000 144.0700 110.0400 101.4000 102.5900 122.5900 101.2000  79.2200  69.8100  89.2000 117.3800
02365500  -85.8280 30.7760  3499. 130.0700 133.0200 160.3000 105.7200 105.2500 125.9900 151.1500 117.4200  99.5500  69.8500  98.2000 128.0300
02375500  -87.2342 30.9650  3817. 135.3700 145.0300 170.0300 113.8400 116.8500 125.7300 150.2300 119.1600 105.7300  68.9100 105.8800 135.9600
02383500  -84.8331 34.5642   831. 148.7100 140.6000 165.1000 130.6300 129.0400 109.8400 135.8100 106.0400 109.4200  97.6400 119.2800 135.3100
02387000  -84.9280 34.6670   687. 133.8200 127.8600 155.3100 113.3600 118.8900 103.4000 128.5400  97.8300 116.0500  91.5600 115.0900 131.6900
02387500  -84.9414 34.5783  1602. 141.4100 134.3700 160.4200 122.4400 123.8800 106.4000 132.0400 101.6400 112.3000  94.4900 116.9800 133.2800
02414500  -85.5608 33.1167  1675. 136.7600 133.3900 168.2300 132.5600 118.3100 106.8500 124.0900  93.9700  93.9300  81.9700 105.0400 130.1400
02437000  -88.5508 33.9853  1928. 126.7200 123.5000 159.1700 136.2700 142.6800  97.2000 108.6400  81.3200  97.1100  87.9600 129.5700 154.2400
02448000  -88.5611 33.1022   768. 134.4000 126.0100 156.2800 148.7300 113.7700  90.1800 124.1700  82.5000  96.1000  86.8200 112.7500 149.6800
02456500  -86.9833 33.7097   885. 135.0900 127.4300 164.2600 134.6400 120.1300  97.3200 129.7300  85.3400 110.0300  78.0000 108.4200 134.9600
02472000  -89.4070 31.7070   743. 138.9000 136.7300 161.4600 139.6000 122.4300  99.0200 127.5100 104.5700  95.0400  89.3200 119.3300 157.7700
02475000  -88.8080 31.1030  3495. 139.6200 139.6000 161.2100 134.8100 124.5900 100.5800 133.6300 111.9900  99.3200  83.2000 117.5500 156.2100
02475500  -88.9097 32.3264   369. 135.1200 133.7400 161.2500 139.4700 116.3100  89.6300 129.5200  97.6600  91.6100  85.2400 117.7000 150.1500
02478500  -88.5480 31.1480  2690. 137.6000 139.0400 167.1400 136.8900 114.7700  97.0300 137.2200 101.3900  95.8700  79.9100 115.7700 152.0600
02479300  -88.7806 30.7361   441. 140.4500 153.3500 160.7400 125.5800 129.8100 119.4400 160.6300 149.7300 121.2400  81.9500 118.8700 151.0200
02482000  -89.3350 32.7980   904. 137.8600 128.6400 157.9600 146.0300 119.0900  89.0300 136.7700  86.1800  93.2900  85.4800 118.8300 147.9300
02486000  -90.1786 32.2817  3171. 138.3900 127.1600 155.4600 141.6300 124.4000  88.0500 126.8700  87.0900  89.1400  85.6500 121.4400 152.0500
02492000  -89.8972 30.6292  1213. 143.3400 147.7900 158.7800 143.7200 138.9900 112.4300 140.5200 129.3300 102.2200  83.5300 119.5000 162.8400
03010500  -78.3864 41.9633   550.  63.1900  61.1500  77.4200  82.8600  96.4300 128.6100 104.0400  97.2500 101.7700  83.4000  92.6200  83.7400
03011020  -78.7156 42.1564  1608.  62.8900  60.4300  75.2600  84.3800  95.4100 123.5300 102.5500  98.9400 104.6700  87.4700  95.5400  86.6900
03020500  -79.6956 41.4817   300.  66.5100  63.4800  83.9500  90.2300 100.5500 116.7100 112.1100 108.5700 108.7300  93.9600 103.9200  92.7000
03024000  -79.9561 41.4375  1028.  66.6700  64.0200  81.8400  87.4800  95.8100 113.0700 108.8800 110.6500 109.0200  96.0100 106.0700  94.3400
03032500  -79.3944 40.9944   528.  69.1100  66.7200  88.8300  89.1300 105.6600 120.8900 110.9700 102.5700  97.2500  78.9400  90.8500  86.2400
03050500  -79.8790 38.9250   272.  95.8200  91.5000 115.3500 114.7800 123.1700 125.2000 144.7200 122.5600 105.5800  96.9400 102.3300 107.1000
03051000  -79.9361 39.0292   408.  94.1400  88.6800 113.2200 112.8800 119.8800 125.2200 139.5000 118.5600 106.0000  93.0300  99.8800 104.7200
03054500  -80.0400 39.1500   916.  94.2400  86.4400 110.9000 110.4700 116.4800 122.1800 135.2000 114.9600 103.3800  89.0200  98.4600 102.5800
03065000  -79.6220 39.0720   345. 103.4400  93.1800 115.4600 118.8200 130.3400 132.2100 140.1900 122.7200 104.6500  93.3200  95.8800 107.4300
03069000  -79.6780 39.0960   214.  90.3400  84.4300 107.6800 109.9700 117.9200 123.4000 136.9500 117.3900 103.2200  90.0700  95.8900 100.3800
03069500  -79.6806 39.1222   718.  98.2300  89.6700 113.6100 116.9400 125.6400 129.2400 138.2200 120.6800 103.5300  92.1500  97.5400 105.6700
03070000  -79.6660 39.3470   937.  98.3800  90.1100 114.7800 117.9800 125.5400 129.7900 137.8500 120.6400 102.9200  92.3400 100.1000 107.6800
03075500  -79.4256 39.4219   134.  93.8200  83.2600 109.7800 114.8600 124.0200 125.3400 137.8400 112.8200  89.9700  87.4100 100.5200 104.6600
03079000  -79.2278 39.8597   382.  76.0000  70.2900  95.3700 101.7100 107.5500 104.6700 111.2400  98.3600  93.1400  77.8500  89.1400  83.8100
03109500  -80.5408 40.6758   496.  54.0400  52.4300  79.3400  79.0600  95.4300  95.5100 104.4400  82.9900  84.0800  65.2800  78.6800  71.2500
03111500  -80.7340 40.1930   123.  60.1700  59.0300  84.4600  88.3400 103.1500 101.8800 110.3800  95.8000  75.2300  67.1100  78.9000  73.1700
03114500  -80.9972 39.4750   458.  80.4000  75.1800  97.3400  98.0600 109.4400 105.3400 117.4800 106.1100  86.7900  75.1900  88.0300  86.0000
03136000  -82.1956 40.5147   948.  50.9300  51.4500  79.5100  88.4400 106.4700  97.6600 106.0700  97.6100  84.7400  59.8900  82.1200  70.9000
03155500  -81.2780 39.1190   452.  80.5900  73.4400  93.9700  96.6800 104.6000  98.9500 117.7500 105.9900  81.1600  73.0600  82.9400  82.4400
03159500  -82.0878 39.3289   943.  59.5700  59.3600  86.5400  91.7400 109.2100  94.6700 107.7300  97.3500  75.8600  63.0200  79.8400  74.9000
03161000  -81.4072 36.3931   205.  97.4500 108.3300 133.3900 117.5400 138.9000 128.4500 129.8600 125.3800 126.6700 126.2500 121.5800  96.7200
03164000  -80.9792 36.6472  1131.  87.2200  97.4100 116.6300 104.1400 125.5700 109.7400 119.9500 107.1500 106.5500 113.9800 103.4700  89.3600
03165500  -80.9530 36.8350  1340.  83.8200  94.1300 111.9400 100.9300 122.6400 106.6700 117.5600 103.4800 103.5500 111.0300  99.5800  86.7300
03167000  -80.8869 36.9394   247.  72.7900  75.9800  86.7600  85.0400 104.6200  88.3100 105.6600  92.6700  80.1700  83.5400  73.5400  74.5500
03168000  -80.7460 36.9370  2202.  78.0400  86.4200 101.8700  94.3000 115.7900  99.4600 112.7900  98.0900  95.6700 102.6200  89.8100  81.2400
03173000  -80.7097 37.2681   305.  69.8200  71.8500  83.5000  84.3200  98.8100  84.2700 102.0800  90.4400  79.1100  78.1000  71.2700  71.7200
03175500  -80.8500 37.3056   223.  72.0000  74.0900  86.7000  87.4200 102.2200  87.4300 106.8300  88.0600  80.5800  76.7800  73.5200  75.1800
03179000  -81.0106 37.5439   394.  75.1800  71.8100  89.2400  88.3900  97.9200  83.8800 102.2000  81.9200  79.1700  72.3800  69.4000  74.9500
03180500  -79.8333 38.5436   133. 111.2100 103.3600 121.0500 119.5100 130.5500 128.6400 156.5000 123.4000 105.9400 102.1000 101.0100 115.2300
03182500  -80.1308 38.1858   540. 100.4500  95.2600 112.8300 108.9100 119.9400 118.2400 140.1800 118.8000  99.4100  97.6000  98.9500 110.1100
03183500  -80.6417 37.7242  1364.  89.1300  87.9600 104.4100 101.0100 112.9600 106.7000 129.4700 111.3700  93.6600  90.2900  90.5900  98.3300
03184000  -80.8050 37.6400  1619.  87.2000  86.3100 102.5600  99.4100 111.1300 104.6500 127.8200 109.0200  91.8800  88.6600  88.2600  95.7000
03186500  -80.4842 38.3789   128.  90.2600  86.2900 107.1600 117.6600 137.3300 131.6800 164.8300 139.6300 118.4000  97.2200 103.1200 103.2800
03198500  -81.7117 38.1797   391.  82.8000  83.4800  96.1600 101.5000 115.4300 102.1600 134.1500 108.0200  90.2400  79.8600  91.9200  91.7000
03199000  -81.8360 38.0800   269.  81.0700  83.7800  95.9300 100.0500 117.2900 108.0100 134.0700 106.5400  92.5300  78.2700  91.0800  90.6900
03213000  -81.8440 37.4860   504.  82.0100  79.5800  92.7200  98.7600 107.6400  93.7800 114.3500 100.3500  88.3800  80.3800  84.6600  81.2200
03214000  -82.3890 37.8180  1188.  83.1100  83.6300  96.5200  98.6200 110.3900  99.2200 122.0200 101.2900  90.3900  79.0600  88.3500  87.2600
03237500  -83.4211 38.8036   387.  65.7500  66.5400 105.3800  99.7900 116.1000  89.1600 109.8100 105.3400  83.8800  70.6400  85.4600  80.4500
03238500  -83.9290 38.8580   218.  67.3800  66.7500 105.8900 100.3200 117.4900  92.6200 110.6200 100.0700  84.3900  72.8400  87.3400  80.1100
03251500  -84.2670 38.5980  2326.  74.6800  78.8200 107.0900 101.4100 116.5100  97.1400 127.2500 100.5000  85.1500  73.0200  89.4500  96.1900
03252500  -84.3031 38.3908   621.  73.0200  78.4700 112.5900 103.7700 116.0100  94.5100 116.0900  94.1900  83.0300  70.2500  88.6200  97.4400
03253500  -84.3108 38.7103  3300.  73.6100  78.0000 108.9800 101.9100 116.0300  96.3600 123.7400  98.7400  84.3800  72.5000  89.1500  95.5700
03265000  -84.3561 40.0578   503.  50.3400  51.2700  83.0400  93.0300  99.0400  95.3000 101.0900  84.5600  69.0000  65.6900  74.5900  72.9300
03266000  -84.2825 39.8694   650.  50.8200  51.7700  83.3200  92.4400 100.2300  95.0500 100.4200  84.3900  68.5400  65.9800  75.0800  73.2600
03269500  -83.8703 39.9231   490.  51.7800  51.6900  80.8800  89.1300 104.0200  96.5400 102.0500  87.7100  75.0700  64.8600  78.6700  72.3300
03274000  -84.5722 39.3911  3630.  53.5300  54.4000  84.9400  92.8200 104.5900  93.5300 101.0200  86.0300  71.0100  66.6100  78.6900  74.1800
03281500  -83.6772 37.4792   722.  93.2200  92.2500 115.2400 102.9100 117.2700 103.6300 129.7900  98.1300  93.5300  78.0900 101.4000 105.7800
03289500  -84.8150 38.2690   402.  72.3600  78.2900 112.2500 101.2100 116.9000  92.1400 112.7700  92.1600  81.3500  68.4400  88.1400  97.2200
03301500  -85.7039 37.7672  1299.  83.4200  94.7200 117.7700 112.8300 124.7600 100.8500 126.0900  95.3800  94.8900  74.3700  99.9300 112.0100
03303000  -86.2280 38.2370   284.  74.1200  77.7600 119.7100 108.7200 118.9500  95.4600 119.0400  93.6300  79.0200  75.1200  95.3100  91.4300
03308500  -85.8861 37.2681  1673.  93.3500 102.0300 123.5700 113.3100 130.8100 108.3900 129.8800 106.3100 105.1900  78.0100 107.4900 121.2800
03324300  -85.4536 40.7125   425.  49.1500  48.8500  77.4300  91.0700  94.5000  98.5200 100.7300  90.7300  76.8700  64.2000  77.1200  73.4500
03326500  -85.6594 40.5761   682.  49.0000  49.1200  79.5800  92.4300  96.0300  98.3600 102.4800  90.3900  75.6600  64.6600  77.4900  73.5800
03328500  -86.2639 40.7819   789.  46.7000  43.3900  68.7100  89.4400  93.5800 100.2800  96.8800  90.6700  84.9200  69.4800  78.3900  75.3000
03331500  -86.5640 41.1570   856.  44.8700  42.1100  67.1600  90.4000  92.5500 102.4500  96.7900  89.7800  88.2400  72.0800  77.2400  74.0900
03339500  -86.8994 40.0489   509.  49.9600  50.1400  81.2500  96.7000 100.6200  98.4600 104.9200  98.6000  75.9400  70.1600  79.0900  78.0600
03345500  -88.0194 38.9361  1516.  49.6400  51.8100  86.5200  97.2300 103.1100  93.9600 111.6100  88.7500  81.1700  69.8300  85.9500  84.4100
03346000  -87.9464 39.0103   318.  51.0800  55.0500  93.5700  96.7000 106.7800  92.0000 111.1000  86.4200  80.9400  70.7400  90.7300  85.7300
03348000  -85.6720 40.1060   406.  49.6500  51.0500  83.9000  94.2000  97.4600  96.4000  99.3400  89.4600  75.3800  65.0300  78.3100  75.4100
03349000  -86.0170 40.0470   858.  51.2900  51.8300  83.4700  95.0900  97.0100  94.8600 102.8800  91.3600  77.6100  66.7900  80.7200  77.5100
03361500  -85.7820 39.5290   421.  55.8400  57.8000  88.0700 100.8000 109.6400  92.6900 119.5800  95.3900  73.9900  71.7500  86.4200  79.2700
03361650  -85.8856 39.7142    94.  54.9200  57.8500  88.7700 101.1600 108.3400  88.1800 117.5100  96.1800  77.0400  72.2600  84.7500  80.7000
03362500  -85.9975 39.3608   474.  56.4500  59.3600  91.3400 100.1000 114.3700  90.8900 118.2800  94.5600  71.1400  71.6300  87.4100  78.6900
03363000  -85.9860 39.3390  1060.  55.7500  58.2200  89.1500  99.8200 109.2800  89.3500 119.4900  95.2800  74.0400  71.6300  86.0300  79.6100
03364000  -85.9256 39.2000  1707.  56.2100  58.8600  90.4800  99.9300 111.0900  89.2100 119.0700  95.0200  73.0300  71.6400  86.6500  79.5500
03365500  -85.8990 38.9830  2341.  57.2400  59.8200  93.3300 100.4000 112.6100  87.7700 118.5600  94.9900  72.1800  71.8000  87.5800  80.2400
03381500  -88.1597 38.0611  3102.  55.1600  62.5400 105.6700 101.3800 112.1300  98.1700  99.2400  80.5400  76.4800  75.2400  94.8100  91.3900
03410500  -84.5330 36.6270   954. 112.2800 109.5000 137.0000 112.5800 131.5000 113.4600 132.2600 108.2700 102.2900  90.3900 115.4700 124.0900
03438000  -87.7217 36.7778   244.  93.2200 106.7200 130.2700 118.0000 120.6000  92.5700 108.0600  88.4900  89.5500  80.0600 119.9600 127.2000
03443000  -82.6240 35.2990   296. 166.4700 166.8600 209.7000 156.9700 191.0700 173.5400 182.3400 195.7500 171.2500 169.5300 184.4200 188.0400
03448000  -82.5925 35.5019   676. 127.2600 134.9700 167.7400 125.5800 153.7900 139.5100 147.1200 159.6400 136.0900 132.8400 140.2600 141.3000
03451500  -82.5786 35.6092   945. 113.5400 122.9200 152.5400 115.4300 141.3000 127.2300 135.4700 145.1200 123.5800 118.6500 124.5700 123.7900
03455000  -83.1610 35.9820  1858.  98.8800 107.2500 132.2600 103.7700 124.9800 111.6200 128.8100 124.8300 105.6300  95.8800 102.9800 103.2600
03465500  -82.4575 36.1764   805.  94.8900 103.6000 125.6600 106.8000 125.9700 117.9500 140.5000 118.6700 103.1700  95.9500  97.7700  94.3900
03470000  -83.5780 35.8780   353.  98.3000  99.4700 118.4400  94.7700 114.3900 101.2500 123.6900  96.0100  89.1100  70.0800  88.3400 100.5800
03473000  -81.8442 36.6517   301.  81.9600  88.3000  93.8100  93.3000 108.0100  96.8300 117.1900  99.0000  85.7300  82.3900  76.9000  85.0500
03490000  -82.5680 36.6090   672.  86.1900  89.0400  98.9300  98.0500 112.1500 100.7200 118.4600  99.1800  89.0900  82.2600  83.6400  86.6800
03504000  -83.6192 35.1269    52. 171.9000 179.4700 203.4800 153.4700 156.9800 149.6000 158.1400 145.4400 138.6400 121.5800 142.2200 171.9900
03512000  -83.3536 35.4614   184. 153.8700 147.5700 190.1000 138.1900 138.8100 141.9600 173.3600 140.4400 110.3300 103.8000 129.9600 151.4300
03521500  -81.7810 37.0860   137.  83.9400  80.3700  94.3300  99.8800 108.8400  98.1100 116.9000 100.6300  89.7800  80.5700  83.1300  82.0300
03524000  -82.1550 36.9447   528.  85.3700  82.9600  97.1600 101.7200 109.7200 103.4100 120.4100 100.5100  92.6300  81.7200  85.9700  83.6500
03528000  -83.3983 36.4250  1474.  92.4400  92.0200 106.3100 102.5000 114.6600 103.0700 121.2600  99.6400  91.5200  81.5500  92.0100  94.2700
03531500  -83.0950 36.6620   319. 105.3100 109.0600 121.1600 110.2500 127.8100 110.4700 128.9900 103.1500  92.9500  87.4000 103.5200 107.6700
03532000  -83.6303 36.5417   685. 107.5100 106.3600 123.3700 108.8700 127.0600 109.3800 129.4900 103.4100  90.9100  86.0100 106.2000 111.2700
03540500  -84.5581 35.9831   764. 122.1700 115.3900 148.1400 118.9500 134.5200 111.6900 135.5200 106.6800 102.3900  89.7200 121.8000 135.6400
03550000  -83.9806 35.1389   104. 188.6900 181.9300 187.6300 149.1500 142.9200 136.6700 175.8800 144.3500 112.1400 106.5600 143.3800 177.0800
03567500  -85.2070 35.0140   428. 134.4900 129.6200 160.4200 114.6200 116.6400  98.2200 126.4800  88.2500 113.2500  88.4800 117.0200 136.3900
03574500  -86.3064 34.6242   320. 131.4700 127.0200 165.0800 126.3200 130.4100 100.9200 127.9700  92.7500 105.7900  91.8500 123.6500 144.0700
03603000  -87.7431 35.9300  2557. 108.7600 112.2600 148.0600 122.9100 135.3100  97.9800 121.3300  90.2900  96.1600  88.2700 123.9400 134.2000
04073500  -88.9522 43.9539  1340.  25.6500  25.9200  54.9700  72.7500  83.7900  93.7300  89.4200  98.1700 103.9100  59.8500  52.9700  37.1800
04079000  -88.7403 44.3922  2260.  27.8600  24.7300  49.1100  67.2800  87.6300  93.5200  90.5600  99.3300 104.3100  64.8000  54.2500  38.6900
04100500  -85.8486 41.5933   594.  42.5900  42.3000  68.7300  87.9200  87.3400  95.8900  93.9600  92.3700  86.6100  69.0800  72.4900  71.2200
04113000  -84.5550 42.7510  1230.  36.4600  34.7800  59.1700  74.6800  74.9200  87.5700  73.4700  82.2900  87.0400  57.0600  66.9700  57.4800
04115000  -84.6930 43.1100   434.  38.2300  32.2300  56.8900  71.7100  72.1200  82.5100  64.6300  89.2900  96.5000  64.5800  66.9200  55.5200
04144000  -83.9460 42.8240   368.  36.8500  35.6500  57.0100  72.1200  68.5300  84.8800  67.8700  82.8400  86.8300  56.7900  66.2200  56.1100
04164000  -82.9500 42.5780   444.  39.1400  38.0600  59.2100  72.0000  69.8500  86.5600  76.5200  85.1700  77.4000  58.1900  66.1900  61.3000
04165500  -82.9100 42.5960   734.  39.7800  38.1400  59.2300  71.6000  69.6100  85.0400  77.9500  84.9400  77.7600  58.0200  66.4200  61.7800
04176500  -83.5310 41.9610  1042.  40.4500  41.4200  64.8000  79.9600  81.0500  88.4700  81.9600  84.6300  82.5400  57.2000  70.6400  68.1600
04178000  -84.8020 41.3860   610.  43.5700  44.0700  70.1500  84.5200  91.8400  92.3200  95.1500  83.9900  82.5500  62.2300  75.3300  71.2100
04183500  -84.7444 41.1989  2129.  45.0800  44.5900  71.2500  86.3000  92.7500  92.9700  93.6800  83.0900  78.4700  61.8400  74.5700  70.8700
04185000  -84.4300 41.5040   410.  44.0700  43.8200  69.7300  82.8200  88.1200  91.3900  93.0200  82.7300  82.3800  60.8700  74.2400  71.1800
04191500  -84.3992 41.2375  2310.  47.0600  45.2000  72.3000  83.3600  92.5000  92.3300  93.6700  79.8200  75.9300  57.1400  73.5300  69.3300
04198000  -83.1589 41.3078  1251.  49.6300  46.9000  75.0900  84.5200  99.9800  93.9700 100.5600  87.3700  80.8500  56.2500  76.6300  71.8400
04201500  -81.8872 41.4067   267.  51.5400  53.6900  73.5400  79.0200  93.6200  95.0300  92.9300  85.7300  84.3400  62.8900  81.0500  76.2400
04212000  -81.0467 41.7406   581.  57.9600  55.1200  75.5800  84.7700  92.9400 103.3900  98.3000  97.6200  98.9400  85.0500  96.2200  85.4800
04221000  -77.9575 42.1222   288.  51.9400  53.7600  64.2100  74.2200  88.2900 117.8800  95.5500  83.5500  89.5800  76.0700  79.6500  69.1100
04221500  -77.9806 42.1639   308.  51.5500  53.4500  63.9900  74.1300  88.0400 118.0000  95.4600  83.5700  89.8100  76.0600  79.4600  68.9200
04223000  -78.0425 42.5703   984.  52.7000  51.7600  62.8600  77.0700  86.4500 113.0500  91.9500  89.5800  95.3700  79.8300  83.2700  72.6500
05053000  -96.7833 46.4681  2080.  13.1300  11.6900  26.0700  48.6500  63.7400  87.8400  74.5100  62.1100  52.3500  35.9900  17.3800  12.1400
05244000  -94.8789 46.6403  1010.  19.3400  13.7000  32.6400  56.9100  69.9100 106.0200  92.0800  89.4500  73.4400  59.2000  27.1900  21.3700
05280000  -93.7339 45.0867  2520.  19.3600  18.4600  41.1200  62.6700  83.0300 111.3400  92.4200  91.4600  75.3900  57.1800  34.7800  20.8100
05320500  -94.0411 44.1111  1110.  20.5100  19.6500  47.9200  69.9200  88.8900 106.2300 107.2000 101.6600  82.3900  57.5400  37.6300  27.7900
05383000  -91.1181 43.9014   398.  22.6200  22.9600  51.4200  76.1300  94.3000 101.2300 105.0200 106.7700 107.9600  60.9000  49.3300  33.7000
05408000  -90.6431 43.5742   266.  22.6000  24.3300  50.9100  78.0400  91.5800  98.6400 104.0400 107.8800 110.2500  61.4900  50.8300  33.7000
05410490  -90.8583 43.1828   687.  22.4200  24.4300  49.3100  79.0000  89.9600  95.8900 102.7500 106.3900 107.5000  59.9300  49.1700  33.3800
05410500  -90.8740 43.1910   690.  22.4200  24.4300  49.3100  79.0000  89.9600  95.8900 102.7500 106.3900 107.5000  59.9300  49.1700  33.3800
05412500  -91.2617 42.7400  1545.  21.9700  25.0700  52.7600  83.1900  99.5300 105.2400 107.9800 109.4600  95.3500  63.5200  47.3800  34.6100
05418500  -90.6344 42.0847  1553.  26.0100  27.7700  57.6000  82.1700  97.7000 110.9200 101.7100 112.4600 102.3800  63.6600  55.8700  40.0000
05422000  -90.5347 41.7669  2330.  25.2700  26.5400  56.8200  84.9100 101.4600 112.6500 110.1300 110.5200  98.2600  64.6100  51.4300  39.1400
05430500  -89.0706 42.6092  3340.  27.9900  26.6800  53.9000  75.4000  78.4900  93.2700  93.5500  97.3300 100.6300  61.8800  55.1700  42.5900
05435500  -89.6158 42.3036  1326.  27.7200  28.6300  58.9700  79.5700  88.4900 102.1300 101.6600 106.0300 101.8500  63.4300  56.8400  43.7300
05440000  -88.9986 42.1958  1099.  35.5900  28.7600  61.2900  90.3800  88.2200 106.7400 103.5700 105.1000  99.6000  66.8200  67.6000  51.6600
05447500  -90.1583 41.4889  1003.  34.5500  28.6800  67.7000  94.2900 100.0200 106.5200 102.3100 104.5200  96.0400  69.4600  63.3600  52.8200
05451500  -92.9075 42.0658  1564.  20.1100  22.8700  50.4800  78.5200  98.4600 119.7700 113.5000 102.1400  89.0100  62.8000  40.3400  29.9300
05452000  -92.3130 41.9640   201.  22.8600  25.5400  58.4200  83.9900 104.1800 115.8700 110.5100 109.5900  94.6000  63.8800  47.9700  34.0800
05454500  -91.5408 41.6567  3271.  22.0000  24.3700  55.0000  81.8800 100.8300 118.7000 111.7700 106.9100  93.2500  63.6600  45.1100  32.8100
05455500  -91.7156 41.4664   573.  25.2000  24.5500  58.2500  89.3100 102.7600 113.9500 112.3200 109.0600 105.1200  68.5200  55.8000  37.0700
05457700  -92.6731 43.0625  1054.  22.2400  20.3000  47.6800  74.7200  95.3800 105.9800 108.5000 105.2100  95.2200  61.0000  40.5400  29.2700
05458500  -92.4650 42.6483  1661.  22.0900  21.2100  49.4700  77.1800  97.4800 107.7600 109.5000 105.3500  96.1400  62.2700  41.5700  29.9900
05462000  -92.5958 42.6528  1746.  20.3100  20.4300  49.2000  77.6300  96.8100 114.9100 110.7100 106.6600  94.0400  61.1700  40.3000  28.7400
05471500  -92.6590 41.3550  1635.  20.3000  24.1000  54.1600  82.2300 102.9800 123.3200 107.3700 104.1800  90.5600  65.9500  43.0300  30.0600
05472500  -92.2044 41.3008   730.  24.1400  25.8800  58.2000  87.3200 103.4600 114.7400 108.6900 105.4000 102.2300  68.4500  52.9100  34.8200
05476500  -94.8439 43.3975  1372.  14.5100  17.3100  45.3300  66.1100  81.3900  98.3000  94.1100  80.0500  79.5100  51.4000  32.3100  19.8600
05479000  -94.1917 42.7239  1308.  17.2200  19.6500  46.9200  72.5700  90.3800 107.2100 102.4100  98.7700  85.4200  55.7800  36.2500  24.3200
05481000  -93.8033 42.4336   844.  17.9000  20.2500  47.7300  75.4700  95.0800 114.5200 108.8300  97.6500  89.3000  58.4300  37.6400  27.8200
05482500  -94.3767 41.9881  1619.  16.3900  18.8700  52.2700  73.2000  99.2000 114.6200 103.0700 100.7600  92.3300  58.2200  34.5400  25.0500
05484500  -93.9497 41.5339  3441.  18.4100  20.8500  54.2000  77.0000 102.4300 117.1500 101.7200 100.2900  92.1200  60.7900  37.1100  26.7600
05502040  -91.1490 39.6930    73.  37.4600  40.0900  78.4200  91.8700 114.1400  93.9900 116.1900  94.4500 104.6600  81.2100  72.3500  61.1200
05507500  -91.6720 39.5400  2230.  36.7600  34.8900  77.4700  90.7800 114.9500 107.1500 107.6200  94.5700 108.5200  82.9600  67.8600  54.6200
05508000  -91.4080 39.6120  2480.  37.0900  35.6500  78.2200  91.0100 115.1000 106.8400 107.8800  94.8400 107.9400  82.6900  68.6400  55.5500
05514500  -90.9833 39.0164   903.  40.5300  45.4600  82.8400  93.0100 116.9600 101.1700 100.7200  90.6800  95.5800  77.5900  78.3800  67.2700
05515500  -86.7010 41.4000   400.  53.1400  45.5000  75.1900  96.3400  87.2900 102.1100  98.6100  92.4200  98.8300  78.7700  84.5800  80.5100
05517000  -86.6210 41.3030   384.  48.8200  45.1600  72.1300  94.7800  90.3000 103.0500  98.9700  89.2300  91.7400  75.9100  77.9500  76.1200
05517500  -86.9640 41.2210  1160.  49.3200  43.9400  73.6900  96.0900  89.5900 102.5900 100.0000  92.0000  96.6900  76.3700  81.7200  76.8400
05518000  -87.3430 41.1830  1578.  47.7200  42.6800  73.3800  96.8200  90.6600 102.7900 100.0600  92.4800  96.9300  75.2500  81.0400  75.8200
05520500  -87.6686 41.1600  2294.  46.1800  41.6400  73.1500  98.8300  93.5600 103.6100  99.8700  92.9900  96.3000  74.7900  81.6700  74.6200
05526000  -87.8242 41.0089  2091.  40.5500  39.9600  76.0000  94.8100 101.0300  99.6400 100.7800  91.4700  88.4800  68.7900  75.9600  69.8800
05542000  -88.3597 41.2861   455.  37.9700  35.1200  71.0400  94.3400  97.3800  97.4000  98.9500  86.6000  93.5000  65.2300  72.2100  62.1700
05546500  -88.1792 42.5111   868.  33.5700  28.3700  58.7000  82.5000  76.9000  94.2200  98.7600 100.5600  96.5700  64.0700  61.5600  48.0600
05552500  -88.7910 41.3870  2642.  37.2100  30.0000  62.7400  89.7100  86.9800 100.8000 102.0000 100.8800  98.3500  64.5300  67.3400  53.1400
05554500  -88.6360 40.8780   579.  38.7400  35.9700  71.0900  90.5300  97.0400  94.1500  99.8400  84.0700  89.9500  63.4300  68.5800  64.9200
05555300  -88.9308 41.2083  1251.  38.6500  36.2100  72.2200  93.2500  96.6100  95.2500 100.7900  85.0300  93.1000  64.9200  69.9400  64.1200
05555500  -89.0122 41.2553  1278.  38.5400  36.0500  72.2000  93.2600  96.8600  95.3300 100.8600  85.4900  93.3100  65.0700  69.7600  63.8900
05569500  -90.2814 40.7089  1072.  36.9600  30.3000  71.9200  97.9200  95.6100 103.6900 106.3900  94.8200  99.4100  70.2900  64.3100  57.2300
05570000  -90.3428 40.4856  1636.  36.6200  30.7300  72.5700  96.8700  95.1100 103.3200 107.6200  93.6600  99.6300  71.6200  63.8700  56.5300
05582000  -89.7360 40.1340  1804.  41.0200  40.8100  79.6100  95.3900 103.5100  95.4800 100.4900  89.7200  92.0000  69.4900  69.9500  71.5000
05584500  -90.8990 40.3290   655.  34.8600  31.4700  75.0600  93.7200 100.4400 101.5800 109.7600  93.6900 108.1400  76.0200  65.1300  53.5100
05585000  -90.6319 40.0253  1293.  34.9400  32.7700  75.7200  93.3800 102.2400  99.8600 110.4100  91.1900 106.6500  76.5400  65.6800  54.6200
05592500  -89.0889 38.9597  1940.  47.4900  50.8500  86.9900  96.8800 103.8500  97.0100 107.8200  88.9500  82.9700  70.9300  82.9000  82.1500
05593000  -89.3561 38.6117  2719.  47.7800  52.4800  89.6500  96.4500 105.6200  97.6600 104.5100  85.3300  82.6900  71.8300  85.0100  83.7900
05594000  -89.4940 38.6100   735.  47.3800  52.1100  90.6100  95.0800 111.5000  95.3400  95.8500  83.1800  86.2300  71.5000  84.6500  83.6000
06191500 -110.7936 45.1119  2623.  84.3900  67.4300  70.7400  61.5500  84.9000  68.7500  52.2200  50.2600  59.5300  51.3900  76.4900  79.1500
06192500 -110.5653 45.5972  3551.  75.3200  61.2300  69.4700  63.0500  88.4900  70.8400  50.0200  48.7600  58.7400  51.2200  69.4300  71.3900
06225500 -109.0100 43.2420  1891.  59.6100  49.4300  55.1000  58.3600  67.8300  48.4700  42.6500  35.0600  50.0800  40.2100  62.2600  56.3300
06334500 -103.9731 45.5469  1970.  10.5500  10.2700  18.1300  37.7900  66.0900  69.2000  42.4000  29.2000  33.8900  25.2000  13.1500  13.1100
06340500 -101.6217 47.2853  2240.  10.2600   9.2500  17.8800  46.1000  63.8700  89.1200  57.0800  44.6800  41.1000  25.2900  12.7300  11.1900
06359500 -102.1561 45.1978  2660.   8.5100  10.6800  21.0900  45.1600  71.0800  77.6800  50.1300  35.9700  30.6600  25.4800  11.8100  10.6100
06426500 -104.9764 44.2956  1643.  10.2900  12.1700  17.3500  39.9300  66.7300  65.0100  41.9000  30.0200  32.6900  25.7500  13.7000  12.9300
06441500 -100.3839 44.3267  3107.   7.6000  10.3800  28.6400  47.3800  71.6900  75.8800  57.2500  42.2400  31.9500  27.9500  12.0100  10.1800
06446000 -102.8247 43.2547  2200.   9.3800  11.0900  24.0000  47.0200  74.8600  72.6400  59.6700  37.5200  33.9200  24.0300  12.7900  10.8300
06454500 -103.1708 42.4597  1400.  10.4900  10.7400  24.0900  45.4100  72.7200  63.3800  51.9400  33.6500  32.8100  22.5200  12.4700  11.0100
06480000  -96.7486 44.1800  3898.  12.6700  15.0400  34.7300  53.8800  75.1600  94.0300  80.9200  69.6600  55.3400  43.1800  22.1500  12.8300
06600500  -96.3119 42.5767   886.  14.8300  17.8000  47.9300  61.8900  87.3600 104.7200  87.8700  88.3300  77.5800  49.9200  28.4200  21.0400
06606600  -95.7969 42.4722  2500.  13.8800  18.3500  47.5000  66.6100  88.2500 106.8500  95.6300  96.1500  84.7800  51.9000  30.6900  21.1000
06607200  -95.8080 42.1580   669.  15.1000  18.6000  51.5000  68.9400 100.7100 114.3200  94.9800  96.6500  86.4900  57.4400  32.2500  23.1000
06609500  -95.7820 41.6420   871.  17.0600  19.4200  52.7200  71.2500 105.6600 113.7100  92.3600  95.5200  91.4300  59.2300  32.1600  24.4100
06799500  -96.5210 41.7140  1030.  13.7100  19.3200  51.9200  65.4300 101.7500 109.4400  79.6100  71.9000  70.4500  48.7800  28.6300  21.1100
06808500  -95.5800 40.8731  1326.  18.3100  20.6600  54.0400  75.5700 108.4500 113.4100  95.7700  94.0200 101.5600  63.2300  36.7500  26.7900
06810000  -95.6256 40.6325  2806.  18.7500  21.4900  55.5300  77.6700 107.8300 113.3000  99.7400  96.3500 102.5000  64.4500  38.4800  27.7900
06811500  -95.8128 40.3925   793.  17.5700  21.0600  58.2800  73.2300 106.2500 102.6800  99.2600  98.1100  93.8300  63.9500  37.0700  26.2800
06813000  -95.4089 40.3389   508.  19.6000  22.9800  56.1500  80.6700 108.8800 114.9900 110.8300 106.5500 105.5800  66.6500  44.1600  29.6700
06815000  -95.5920 40.0330  1340.  18.4200  21.4600  58.5600  71.8000 105.7100 111.9000  98.9200 102.2200  98.5800  64.1700  39.1200  27.2700
06817000  -95.0130 40.7390   762.  20.4300  23.3700  58.4000  82.4300 107.4900 115.1600 106.8100 101.6900 107.7300  66.2200  42.7900  29.7800
06817500  -95.0886 40.4450  1240.  20.8600  23.2800  58.5900  83.1300 109.1400 115.1200 109.8600 104.5600 109.0300  67.2400  44.4300  29.9300
06820500  -94.7030 39.6890  1760.  22.1500  23.5600  58.3500  80.2700 113.8800 112.3900 109.6900 108.3500 113.3700  75.0100  48.5200  31.7100
06847000  -99.8930 40.1200  1650.  10.7400  11.3200  35.7100  44.5600  93.7600  85.8900  78.6300  56.4800  45.5200  28.8500  19.8900  12.0000
06860000 -100.8550 38.7920  3555.   8.7500   9.8300  28.4500  33.5600  81.3800  71.5300  67.6900  52.7100  41.3300  24.0100  16.7400   9.7300
06868000  -98.5333 38.9333  1900.  10.5500  13.8600  42.7100  50.4500  87.8600  78.1700  79.5300  68.2200  54.5200  34.8300  23.5400  13.4300
06869500  -97.8739 39.0042  2820.  11.7400  15.3700  46.4800  53.1900  90.9500  81.2900  80.8200  71.8000  60.0900  39.0700  25.3800  15.0500
06883000  -98.0667 40.3328   979.  10.8400  15.7000  50.4200  58.8500 106.4500  95.3600  83.5800  78.5300  76.9300  40.8900  24.7100  17.3300
06884400  -96.8581 39.7758  3324.  12.7800  17.7800  53.5500  63.7300 107.0100 101.7500  84.0400  85.9100  86.6600  48.8700  28.8000  20.3400
06884500  -96.8611 39.7778  3509.  12.8000  17.7900  53.5700  63.7500 107.0400 101.8500  84.0700  86.0300  86.7100  48.9500  28.8400  20.3600
06885500  -96.4375 39.6842   410.  17.6700  20.5200  57.1300  69.4000 113.2400 124.2000  92.2200 102.4600  98.4700  65.2700  38.6500  26.5600
06888500  -96.1811 39.0622   316.  20.4600  22.6200  60.6700  78.9000 118.2300 134.5300  90.9700  91.5400 106.9800  73.6100  47.7500  30.3400
06890500  -95.4544 39.3508   922.  22.8800  23.8300  59.5400  79.4600 119.1200 136.4500  96.4500 106.3200 116.0600  74.6100  47.4100  31.9000
06892000  -95.0108 39.1164   406.  25.4500  25.3400  61.7700  83.6100 124.7100 134.1400 101.0700 102.6700 125.5700  80.8900  50.2300  35.6600
06894000  -94.3003 39.1006   184.  30.8800  29.8600  68.6500  88.3900 124.8400 137.4500 102.3500  96.9500 124.2700  91.3000  59.3400  40.4600
06897500  -93.9425 39.9269  2250.  23.1600  23.6200  60.2200  79.9400 111.1200 108.5500 106.9800 107.6900 114.2400  78.0000  50.5100  34.0500
06898000  -93.8081 40.6403   701.  21.8400  23.8600  58.1100  86.2400 106.3700 112.8600 110.8300  98.9900 109.0500  69.4400  49.4500  31.0000
06899500  -93.6442 40.0794  1670.  23.7100  24.0400  59.9500  86.1600 109.1200 108.7100 109.5600 104.4300 110.9400  75.1700  51.1200  34.2600
06908000  -93.1967 38.9922  1120.  35.3300  34.6200  75.6900  95.3600 122.0400 122.9400 105.6900  92.0400 119.5100  95.0700  69.8700  47.8100
06913500  -95.2569 38.6167  1250.  24.8700  24.6200  68.1700  83.6700 123.0900 139.5100  89.5100  95.6900 108.1400  79.1500  52.9400  34.6300
06914000  -95.2486 38.3336   334.  28.6000  27.2900  71.0400  81.5700 122.5300 143.1100  88.4900 103.0300 107.9100  86.8200  58.9300  38.1600
06928000  -92.4517 37.7592  1250.  47.1200  55.1100  97.0400  99.8700 120.3600 108.3100  89.4700  88.2500 105.1300  95.9600  94.2400  76.7700
06933500  -91.9772 37.9297  2840.  47.8800  57.2600  97.5500  99.3300 120.5500 105.3400  89.9200  89.7100 102.0800  94.0500  94.4900  78.5500
07019000  -90.5917 38.5056  3788.  49.8200  56.6900  94.6400  97.0600 114.9400  94.3100  92.0800  90.2100  92.1800  81.7700  92.1500  79.9200
07029500  -88.9767 35.2753  1480. 112.2400 119.1300 147.9300 136.8700 139.0200  95.6100 106.6300  79.6500  98.0600  82.6400 134.8400 145.5600
07049000  -93.8556 36.2006   263.  53.8400  67.8800 109.2600 108.9200 133.6300 116.7300  80.0100  94.0600 109.7200  96.3000 102.3800  86.6200
07052500  -93.4610 36.8050   987.  46.8400  53.8500  99.4700 103.3500 118.6200 116.7600  83.8600  89.8400 115.1200  97.2800  95.3000  79.4600
07056000  -92.7456 35.9839   829.  59.7300  73.6400 116.4100 105.9900 142.4300 103.4700  84.5300  92.3900 104.5800  92.9600 109.5400  94.4500
07057500  -92.2481 36.6228   561.  53.4300  63.1000 103.3000 108.9700 117.1500  99.2400  81.6300  87.4300  94.6200  84.2900  99.9200  90.4900
07058000  -92.3040 36.6260   570.  53.4400  63.1300 103.3200 108.9000 117.1600  99.2500  81.6200  87.4400  94.6000  84.2600  99.9200  90.4900
07067000  -91.0147 36.9914  1667.  53.4700  62.3900 107.0600 107.3800 117.1100  94.4700  91.9500  97.3300  99.7200  80.3600 100.7700  91.0900
07068000  -90.8475 36.6219  2038.  55.9100  65.1600 109.4200 107.3200 117.3700  93.2000  93.7200  97.3700  99.2800  79.6400 102.2200  94.9000
07069500  -91.1719 36.2053  1183.  64.4700  76.7900 117.4200 108.0600 119.7400  95.9800  82.0800  86.1900 100.3900  83.3000 109.2300 103.4800
07072000  -91.1133 36.3467  1134.  61.3300  72.2400 114.9900 109.1600 121.0700  94.4100  87.0200  89.9200  98.6800  81.7600 107.0100 102.8500
07074000  -91.4497 36.1103   473.  67.2400  80.8800 122.7200 106.8600 123.4400  88.8500  83.2100  85.1800 105.1900  84.5200 111.1500 104.7100
07144200  -97.3878 37.8322  1327.  15.3400  22.1200  58.6700  68.1500 103.2000 114.5000  85.7800  84.3700  85.7000  61.5300  38.5500  24.5100
07144780  -97.9358 37.8447   787.  13.6700  21.9200  51.2600  60.8400  93.5900 101.6700  78.5800  75.8000  72.1300  56.8400  32.4500  23.0400
07147070  -97.0125 37.7958   426.  19.4600  24.1200  61.3200  70.7000 114.9900 126.1600  89.5400  86.2400  93.9100  67.4800  46.6700  29.7400
07147800  -96.9944 37.2242  1880.  21.7600  27.5600  62.8800  72.3100 115.2000 129.3200  90.2700  91.8000  96.0700  70.2000  51.5200  32.2700
07152000  -97.2770 36.8110  1859.  19.5500  26.3600  59.4200  66.8100 102.0300 105.0800  77.0700  81.0000  85.5600  58.3800  45.5800  26.4500
07163000  -96.8680 36.1160    31.  29.2600  40.9400  74.9800  76.2800 127.5400 102.0700  72.7000  75.8100 115.0700  73.1100  61.3800  36.8800
07172000  -96.3150 37.0036   445.  26.9000  31.7300  67.8000  78.1100 125.8100 112.1700  74.1800  89.4300 104.7100  84.3600  66.3200  36.6700
07177500  -95.9540 36.2780   905.  32.2300  42.8500  83.8100  82.4700 121.7900 108.7500  76.8100  85.9800 126.9100  80.6100  70.8900  42.1000
07183000  -95.4306 37.8908  3818.  22.1300  24.6400  64.5000  78.9700 116.4300 136.5700  90.8000  92.6000 103.0500  75.4600  50.5800  31.4300
07186000  -94.5661 37.2456  1164.  40.4700  50.3800  94.4500 102.1500 126.9200 134.0300  78.3700 101.0900 123.9100  98.4600  89.6700  62.9200
07196500  -94.9208 35.9214   959.  51.3400  59.8300 104.3800 108.8800 135.7600 121.8500  73.2000  98.5200 123.8200 100.3300  95.9500  80.0700
07197000  -94.8383 35.9211   307.  52.4600  62.1200 106.8300 111.0600 139.8600 114.8700  74.4700  97.3400 124.7000 102.4300  96.8500  79.2000
07211500 -104.4933 36.2969  2850.  17.7700  20.6500  29.5200  33.8500  49.1300  49.1400  75.0700  80.1100  49.0400  27.1500  23.6500  19.6100
07221000 -104.7828 35.8003  1104.  23.9200  29.6200  34.5100  37.8300  43.9300  51.6100  94.4200  96.8400  57.9800  32.8400  29.1800  24.9100
07222500 -104.4431 35.4028   523.   9.8900  12.0000  14.8000  20.3100  38.4100  45.3500  73.0000  77.6900  48.8300  25.9000  16.5700  12.3200
07243500  -96.0650 35.6750  2018.  32.0300  46.8600  76.1000  83.3400 135.0300 104.1900  68.2500  66.3100 110.2500  81.8900  66.2000  42.7600
07252000  -94.0153 35.5769   373.  62.9000  78.9500 123.5200 118.4100 150.2700 102.9000  86.4300  93.6000 118.7100 107.2800 114.7500  96.5200
07261000  -92.4028 35.2989   169.  72.0900  93.1000 136.2200 117.9100 145.9300 101.1400  85.5600  93.3000 120.9800 103.0900 126.5300 117.9100
07288500  -90.5430 33.5470   767. 111.1600 121.2400 146.0900 132.0100 136.0000 105.6700 106.0200  73.6500  86.4400  82.7700 134.3700 146.0600
07289500  -89.9661 32.8806  1493. 135.5500 126.1800 158.0200 140.1800 127.4300  96.3900 117.4900  81.4300  89.5300  90.4300 126.2700 154.3600
07290000  -90.6967 32.3475  2812. 137.1500 126.1700 156.0600 138.6500 131.4000  93.0300 114.8800  81.7400  84.6900  90.0000 124.9300 155.9600
07307800 -100.0733 34.2275  2754.  12.7700  19.8800  27.2200  34.0400  70.6600  87.4400  53.7200  64.7400  71.8600  46.4000  23.4100  15.3000
07340000  -94.3875 33.9194  2662.  67.8100  89.6500 126.7300 122.2500 168.3500 112.7200 100.2200  82.5900 123.9100 120.8000 111.2100 102.5000
07346000  -94.4986 32.7494   850.  70.8000  91.0400 109.5300 113.2200 124.0800  99.9400  75.6300  58.3500  92.5000 101.6400 110.0100  99.3900
07346050  -94.7508 32.6725   383.  71.1600  91.0300 107.2300 112.4200 121.5400  96.5300  67.6700  55.3900  93.2900  97.3900 107.0000  96.5000
07346070  -94.3456 32.7139   675.  76.9400  92.5000 107.5700 116.3000 118.8400  98.2000  67.2500  57.5500  93.9000  96.7300 109.1300 102.7100
07348000  -93.8778 32.6458  3137.  80.7500  94.7900 110.5900 115.5400 119.2500 104.3200  75.1000  63.9300  89.3400  97.4600 114.6400 107.6600
07363500  -92.0258 33.7008  2102.  89.4900 102.3100 135.6600 129.8000 139.0700 100.9700 105.1000  84.0300 106.3500 105.1100 131.2000 130.1600
07375500  -90.3617 30.5064   646. 146.2200 149.1700 155.9600 148.6400 141.2300 117.3500 150.3500 138.0800 118.0300  85.8200 120.8900 161.2200
07378000  -91.0740 30.5120   284. 145.8000 144.0100 148.9000 138.4000 134.5800 116.8100 145.3600 132.4400 121.3800  93.4600 121.4700 157.7700
07378500  -90.9903 30.4639  1280. 145.8300 143.0200 151.9200 138.7700 134.4400 118.4000 143.2900 130.5500 118.9200  90.0300 120.7400 158.1700
08013500  -92.8139 30.6403   753. 133.7600 122.8600 126.4200 104.5000 139.2400 125.0000 120.6900 104.1100 109.8900 102.3700 124.8900 166.6300
08015500  -92.9153 30.5028  1700. 133.0300 121.7000 123.8000 101.9800 138.2000 125.3700 125.8000 102.8500 113.1000 102.2900 126.9600 166.6600
08032000  -95.4306 31.8922  1145.  70.5800  83.3200  93.2000 103.2700 127.7600  95.3000  56.7100  48.3600  95.2300 101.0800  96.2000  88.6500
08033500  -94.3986 31.0247  3636.  83.9100  81.4000  91.9000  96.6800 124.0900 102.3000  67.8300  57.0900 101.4500  97.6500  98.9600  96.4800
08055500  -96.9442 32.9658  2459.  43.2900  58.1600  78.2600  89.8600 132.1600  91.9700  55.6600  57.9500 112.2300  97.6100  63.3100  47.0200
08085500  -99.2242 32.9344  3988.  22.9000  31.3000  32.2900  52.0300  85.0400  72.0700  51.7300  64.0600  97.6400  62.3900  33.1200  25.7900
08095000  -97.5678 31.7858   968.  44.0300  50.6500  60.1800  77.6600 117.7400  83.6600  51.7700  56.7300  86.7300  80.9200  52.1300  39.3300
08103800  -98.0164 31.0817   818.  36.7600  48.3600  52.6300  67.1500 101.5400  79.6600  46.3600  58.2600  78.3000  76.8300  53.3800  36.6900
08146000  -98.7192 31.2131  3046.  25.6200  37.2800  35.3000  50.9900  85.5200  70.1900  50.3300  62.1700  85.4900  64.9700  36.2300  25.8900
08150000  -99.7219 30.4975  1856.  22.8300  36.4400  27.8100  50.7900  82.2400  67.8500  55.7300  66.2800  75.6300  68.4100  34.5800  23.5500
08150700  -99.1089 30.6606  3247.  24.6400  38.1300  30.5300  52.1800  86.0300  71.0200  53.6400  66.9100  77.4400  70.1400  35.8700  25.3800
08167500  -98.3828 29.8606  1315.  35.7100  46.4800  40.7800  63.0800  99.6500  82.0000  58.1800  73.7800  88.5000  86.9300  50.3300  36.0400
08171000  -98.0886 29.9942   355.  44.8100  56.3500  50.6600  68.0300 113.7700  97.5900  55.9100  60.2700  97.7100  93.7000  60.3000  45.9700
08171300  -97.9097 29.9792   412.  45.2200  56.3600  50.5400  68.2300 113.9800  98.0200  55.9400  60.2700  98.1100  93.3300  61.3500  46.3400
08172000  -97.6497 29.6650   838.  48.2400  56.5200  48.8100  69.8100 117.3700 100.6800  53.9500  59.9100  99.3800  89.1200  67.9500  48.6900
08189500  -97.2789 28.2917   690.  51.0100  49.6300  32.0400  61.8400  96.5400  95.2600  64.3900  72.6200 121.4200  80.4100  52.8800  42.0700
08205500  -99.1444 28.7364  3429.  29.8700  38.5400  31.5100  59.0500  87.3800  76.3400  50.1400  70.8300  76.6200  79.1700  38.6500  29.6700
08340500 -107.1890 35.5930  1390.  12.9900  12.3500  14.6200  12.3400  14.3900  14.5300  40.5800  50.8200  32.0300  25.1400  15.8900  14.1800
09127998 -107.6489 38.5261  3965.  47.8600  44.3800  58.0700  46.1100  39.0000  30.1700  49.8800  52.9000  45.5300  42.1700  44.3800  56.6200
09132500 -107.4336 38.9258   526.  59.6800  60.2700  82.9800  61.1800  51.7300  35.2700  40.0600  44.9000  55.6700  65.8500  60.5000  70.7900
09251000 -108.0292 40.5028  3410.  59.3000  46.6100  60.7400  59.9700  52.1500  33.6200  38.1700  39.4400  41.1500  46.4500  53.1200  60.3100
09292500 -110.3410 40.5120   132.  82.2800  65.1400  76.9100  85.7500  79.4400  57.9900  53.8800  61.5000  51.3300  74.8300  66.6900  74.5800
09299500 -109.9269 40.5869   113.  65.3000  57.4500  70.4500  90.4200  79.7400  59.1300  65.1700  57.7600  60.6100  67.1400  58.7800  58.8500
09430500 -108.5367 33.0611  1864.  33.9800  30.5400  31.1500  15.7900  15.1600  19.3900  87.9600  91.3400  65.5500  47.5000  33.2400  43.8600
09431500 -108.6750 32.7269  2829.  33.5100  29.5000  29.6600  14.5500  13.7500  18.2300  85.4000  87.5500  62.2300  45.2200  31.7500  43.0800
09442692 -108.5150 33.8914    94.  29.3600  29.6800  32.5800  18.2100  14.4200  16.9700  82.1800  88.0200  55.3900  42.6300  32.1200  38.9100
09444500 -109.2953 33.0494  2766.  35.8400  32.6900  33.3400  16.4400  14.4000  18.8900  85.6400  88.5800  60.2000  49.7100  33.6600  46.8700
09497500 -110.4990 33.7980  2849.  55.0900  43.1800  55.7800  25.9500  16.4700  17.6800  83.7600  94.7200  53.0600  47.7700  44.3700  59.4400
10296000 -119.4492 38.3797   180. 169.6500 143.2100 123.0400  61.1400  51.0300  21.8600  28.2500  13.4700  32.0400  76.6900 145.4400 143.8800
10296500 -119.4542 38.5153   250. 148.6400 124.9000 105.9900  51.9800  44.8400  20.3200  25.7400  13.0700  28.6300  66.0300 125.5300 122.9100
10301500 -119.0972 39.1528  2600.  81.5900  66.1600  52.9500  24.4800  27.3300  17.0300  18.4100  13.0200  18.3300  31.8800  62.6600  58.4400
10309000 -119.7030 38.8470   356. 153.3800 121.8700 122.8000  63.5800  54.2800  23.7500  15.1300  16.6900  28.4200  56.0000 132.0800 144.5500
10312000 -119.3111 39.2917  1302.  98.0700  80.6000  74.6700  37.7200  35.3300  18.8400  10.5600  13.5300  20.6400  34.2200  81.7000  89.6300
11025500 -116.8653 33.1069   112. 100.6200  94.8000 105.9900  45.1100  13.5500   2.1300   8.1900  13.2900  14.7600  19.1400  64.9900  80.4400
11080500 -117.8050 34.2360    85. 145.7200 153.1000 126.0600  62.7000  17.4300   2.8700   3.5400  12.4700  23.3900  20.3900 100.1900 113.7900
11138500 -120.1672 34.8397   281. 107.3800 112.5200  97.3200  42.8800   7.0700   1.2200   0.1100   1.9000  12.2600  18.0400  68.6500  78.1200
11160000 -121.9547 36.9914    40. 221.7600 183.2400 165.3600  75.9800  12.5800   5.8700   3.0100   3.2800  12.4200  59.4700 154.8900 171.3100
11210500 -118.9533 36.4067   519. 164.8800 145.3500 138.6500  80.2900  25.5700   8.0600   3.3000   5.1100  24.7500  36.4000 101.8900 130.7800
11213500 -119.1233 36.8633   952. 167.1000 164.6000 143.8100  87.5700  34.7200  10.4900   5.6300   7.1600  26.2600  35.3700  95.1400 150.5900
11222000 -119.3350 36.8167  1693. 161.1900 157.2100 138.6400  83.8300  33.3800   9.4900   4.4900   5.4700  24.2700  34.6900  93.4400 143.2700
11224500 -120.4697 36.2147    96. 116.8500  95.9400  69.8600  46.6500   8.6800   1.5800   1.0700   2.5800   9.6300  18.5600  80.6300 102.1800
11281000 -120.0119 37.8217    87. 169.0700 153.3400 142.7200  88.2000  31.4400  12.6600   4.0800   6.5700  20.8600  52.0700 138.4500 148.3700
11342000 -122.4161 40.9397   425. 235.4700 187.5400 175.5700  87.9000  48.7900  22.8700   8.8200  14.0700  29.3300  82.2800 196.1400 207.7200
11355500 -121.4236 40.6867   162. 157.8900 118.2300 119.1300  70.9000  49.2300  34.4100   8.2300  19.9900  29.2100  69.6100 134.4400 151.3600
11401500 -120.9269 40.0781   739. 147.0100 131.4600  84.8500  56.5900  39.0400  21.3200   5.7300   8.8100  17.9300  47.5600  95.0100 130.1200
11403000 -121.2175 40.0106  1025. 167.9200 141.8600 105.7600  62.3500  38.6100  21.3000   5.5900   9.6700  19.2900  56.4000 115.8100 147.3000
11413000 -120.9369 39.5250   250. 306.3300 258.6500 251.6800 133.2900  59.2600  25.0800   9.1900  17.9400  37.0500 113.5500 262.4000 277.5800
11427000 -121.0228 38.9361   342. 278.0800 223.8200 218.7400 117.5100  48.7900  20.4600   7.1000  14.9500  31.5100  98.8000 233.5200 253.3700
11497500 -121.2375 42.4472   513.  66.4800  59.4600  71.8000  44.5100  37.9900  31.4400  15.5900  17.7400  23.9900  39.4800  77.5000  81.6200
11501000 -121.8486 42.5847  1580.  69.4100  62.8300  69.9900  39.3400  36.2900  27.2300  14.8000  18.2300  22.6600  40.3400  81.7400  82.7900
11530000 -123.6708 41.0500  2853. 242.9000 193.7900 183.4000  80.8400  40.9400  18.1600   6.8400  16.9600  33.8000  91.6500 219.8700 249.0300
11532500 -124.0539 41.7894   609. 422.6200 345.1200 365.4000 186.1200 117.0700  48.5500  13.8300  35.9500  69.9500 187.3100 434.7700 460.0100
12027500 -123.0344 46.7761   895. 243.4700 180.7000 172.7800 111.8100  69.7000  56.6600  26.1900  40.4600  71.5400 138.1000 234.7100 253.3600
12098500 -121.9490 47.1510   401. 301.6900 217.7700 206.1100 154.2100 120.6000  93.5200  51.0100  63.3100 100.6600 167.1900 309.9500 276.3000
12134500 -121.6656 47.8375   535. 406.3000 307.0000 262.5400 199.0200 132.8100  96.8300  60.5400  65.0500 129.9400 227.0700 393.7700 402.0300
12144500 -121.8411 47.5453   375. 351.1100 267.3400 241.5400 188.7900 135.7700 108.0800  60.0600  67.8400 123.2500 208.9300 345.2000 348.8300
12149000 -121.9240 47.6660   603. 306.0800 230.0900 212.2200 167.1000 122.5500  97.4000  54.7500  62.5000 111.3600 182.7500 303.4300 307.8600
12340000 -113.7560 46.9000  2290. 109.5700  85.9000  72.9400  61.0800  79.8800  63.4000  37.7400  42.3200  48.2800  45.7600  75.5400 101.1200
12358500 -114.0092 48.4953  1128. 167.4800 140.5400 127.0200 105.8700 116.2600 101.9400  62.9400  63.1000  72.7300  73.7800 142.1200 156.1800
12413000 -116.2528 47.5722   895. 151.1900 115.4300 102.5000  81.8900  91.8400  85.4900  40.0400  56.1400  60.7200  77.3200 151.4600 161.8600
12413500 -116.3069 47.5639  1220. 146.1500 110.9900  99.6100  79.5400  88.1300  81.4500  38.4500  53.2000  58.7000  74.1900 145.1300 154.9300
12449500 -120.1150 48.3653  1301. 145.2700 104.5400  95.7900  64.8100  59.1600  52.6400  32.0900  31.7700  42.8100  78.0400 156.2300 145.3600
12449950 -119.9839 48.0775  1772. 135.1800  96.5800  87.2200  57.9400  53.4400  47.9000  29.0600  30.2500  39.2100  71.0400 143.9600 137.1900
12459000 -120.6128 47.5833  1000. 337.0800 222.4500 178.3700 121.7200  79.9900  63.6900  39.6900  43.0100  78.0100 159.1100 300.8800 309.6800
12462500 -120.4233 47.4994  1301. 300.5000 196.4800 155.0700 105.0200  68.8900  56.1500  33.5200  37.2900  67.8000 137.2200 265.8000 274.6200
13186000 -115.3056 43.4944   635. 141.8600 102.8700  92.2200  62.1800  60.5300  54.5100  26.3300  29.3600  38.9200  49.3900 129.0700 139.6300
13200000 -115.9889 43.6481   399. 124.4900  84.2100  78.9600  59.8500  51.9200  47.6400  19.8100  22.1500  41.9300  48.0700 107.4700 113.7500
13298500 -114.2550 44.3786  1800.  84.8900  59.7900  61.6500  53.1700  81.2500  75.7200  42.5400  42.2300  52.4100  42.3800  84.0400  89.5900
13302500 -113.8944 45.1833  3760.  61.0200  43.2300  44.9500  44.1200  69.6000  67.7100  39.2700  39.2000  45.0900  34.2000  61.3600  64.5800
13336500 -115.5128 46.0867  1910. 149.4900 106.7500 105.4800  94.4700 100.7100  91.2800  42.1500  48.0400  67.6000  75.1900 115.8100 130.2200
13337000 -115.5864 46.1506  1180. 199.7400 145.9300 137.4500 116.4700 113.2700  98.7600  38.6600  47.6300  73.9400  94.0200 164.1300 179.8400
13340500 -115.5078 46.6314   996. 215.7600 159.0400 151.5600 118.4000 112.5100  96.7200  38.6200  46.6600  73.1200  96.0100 181.1600 196.2900
13340600 -115.6197 46.8406  1360. 205.4200 150.9600 143.5800 112.4600 107.8000  92.5400  37.8200  45.6700  70.5100  93.2900 172.6500 187.9700
13351000 -118.1478 46.7586  2500.  59.7900  46.8500  47.9400  37.5700  40.8500  34.7300  18.4600  20.4300  24.0800  33.1600  63.0200  67.5500
14080500 -120.7944 44.1139  2700.  47.2300  33.6300  36.6300  27.7100  33.9400  29.4700  15.9200  18.6300  16.2100  26.4900  50.9800  48.5500
14101500 -121.0939 45.2417   417. 187.3300 160.1200 120.9200  86.0600  57.6200  50.8600  20.2900  20.8300  48.7900  77.2700 189.5400 188.0800
14113000 -121.2089 45.7567  1297. 178.9500 122.3500 104.8100  58.7800  45.0600  31.4300  14.7100  18.6500  34.0400  70.0800 164.1000 171.9500
14232500 -121.8628 46.4417   321. 344.9600 244.0800 217.8300 139.7400 111.3600  71.7900  32.4800  39.0600  77.8300 157.6800 310.2000 282.2300
14233400 -122.0975 46.4703  1030. 337.3700 240.0200 212.4000 147.3100 108.9600  77.4500  34.2600  46.0200  87.8700 166.1500 315.9000 308.6400
14308000 -122.9472 42.9306   449. 212.4200 137.6800 152.1100  98.1100  73.9700  44.4600  13.5000  29.6700  46.6400 111.5800 208.9800 217.8400
14321000 -123.5542 43.5861  3683. 200.6100 151.4300 149.2000  94.6400  66.0600  42.0200  13.6100  24.3500  45.5700 101.1800 214.5700 218.7900
14359000 -122.9861 42.4375  2053. 143.4900 111.8600 112.0000  68.9600  57.2500  33.9700  12.2900  21.2000  34.4000  81.7900 152.1700 161.3400
