01048000   3   0.84
01055500   2   0.47
01060000   3   0.26
01064500   3   0.50
01076500   2   0.38
01127000   3   0.82
01138000   3   0.65
01197500   3   0.37
01200000   6   0.33
01321000   3   0.46
01329000   3   0.38
01329500   4   0.45
01334500  15   0.25
01348000   3   0.56
01361000   4   0.41
01371500   4   0.43
01372500   4   0.69
01421000  15   0.38
01423000   4   0.29
01426500   4   0.32
01445000   9   0.25
01445500   3   0.50
01500500   4   0.46
01503000   4   0.49
01512500   4   0.56
01514000   4   0.63
01518000   4   0.58
01520000   4   0.59
01520500   4   0.45
01531000   4   0.52
01534000   6   0.75
01541000   6   0.39
01541500   6   0.39
01543500   6   0.57
01548500   6   0.44
01556000   6   0.32
01558000   6   0.37
01559000   3   0.28
01560000   4   0.28
01562000   6   0.29
01567000   6   0.31
01574000   4   0.71
01595000  15   0.45
01606500  15   0.36
01608500  15   0.36
01610000  15   0.34
01611500  15   0.36
01628500  12   0.30
01631000  15   0.23
01634000  15   0.31
01643000   4   0.48
01649500   3   0.23
01663500   9   0.33
01664000   9   0.37
01667500   9   0.31
01668000   9   0.27
01672500  12   0.18
01674500   7   0.39
02016000  15   0.41
02018000  15   0.34
02030500  12   0.66
02055000  12   0.29
02058400  12   0.66
02083500  12   0.26
02102000   8   0.26
02116500  12   0.28
02118000  12   0.51
02121000  12   0.38
02126000   8   0.26
02135000   7   0.29
02138500   6   0.54
02143000   3   0.38
02143040   9   0.38
02143500  12   0.78
02156500  12   0.30
02165000  12   0.69
02174000   7   0.40
02192000  12   0.49
02202000   7   0.52
02202500   7   0.50
02217500  12   0.51
02218500  12   0.50
02219500  12   0.49
02228000   7   0.43
02236000   1   0.79
02273000   1   0.81
02296750   1   0.91
02329000   7   0.63
02339500  12   0.36
02347500   3   0.42
02349500   3   0.29
02365500   7   0.36
02375500   7   0.31
02383500  16   0.39
02387000  16   0.20
02387500  16   0.30
02414500  12   0.30
02437000   9   0.26
02448000  12   0.25
02456500  16   0.23
02472000  12   0.26
02475000   3   0.27
02475500   6   0.33
02478500   3   0.26
02479300   3   0.74
02482000  12   0.31
02486000   4   0.19
02492000   6   0.26
03010500   4   0.48
03011020   4   0.47
03020500   6   0.52
03024000   4   0.63
03032500   6   0.34
03050500  15   0.34
03051000  15   0.36
03054500  15   0.42
03065000  15   0.34
03069000  15   0.38
03069500  15   0.34
03070000  15   0.34
03075500  15   0.36
03079000   6   0.38
03109500   6   0.61
03111500   8   0.41
03114500   6   0.41
03136000   6   0.35
03155500  15   0.42
03159500   8   0.31
03161000   6   0.59
03164000   6   0.37
03165500   6   0.32
03167000  12   0.45
03168000   6   0.23
03173000  12   0.22
03175500  15   0.26
03179000   6   0.29
03180500  15   0.43
03182500  15   0.38
03183500  15   0.35
03184000  15   0.34
03186500  15   0.41
03198500   3   0.36
03199000   3   0.46
03213000   6   0.68
03214000   6   0.61
03237500   8   0.30
03238500   8   0.63
03251500  15   0.30
03252500  15   0.35
03253500  15   0.32
03265000   6   0.35
03266000   6   0.36
03269500   6   0.37
03274000   6   0.34
03281500   8   0.45
03289500  11   0.31
03301500  15   0.36
03303000   4   0.67
03308500  12   0.30
03324300   8   0.79
03326500   8   0.73
03328500   8   0.42
03331500   6   0.27
03339500   8   0.33
03345500   8   0.46
03346000   8   0.48
03348000   6   0.38
03349000   6   0.31
03361500   6   0.35
03361650   6   0.43
03362500   6   0.36
03363000   6   0.37
03364000   6   0.36
03365500   6   0.34
03381500   4   0.52
03410500   6   0.48
03438000   4   0.42
03443000   6   0.42
03448000   6   0.36
03451500   6   0.35
03455000   6   0.39
03465500   6   0.41
03470000  15   0.46
03473000   6   0.34
03490000  12   0.26
03504000   6   0.66
03512000   6   0.72
03521500  12   0.32
03524000  12   0.35
03528000  12   0.33
03531500   6   0.57
03532000   6   0.36
03540500  15   0.40
03550000   6   0.78
03567500   9   0.23
03574500  12   0.31
03603000   8   0.37
04073500   1   0.46
04079000   3   0.43
04100500   6   0.23
04113000   6   0.34
04115000   6   0.43
04144000   6   0.45
04164000   2   0.41
04165500   6   0.26
04176500   8   0.28
04178000   8   0.51
04183500   8   0.61
04185000   8   0.41
04191500   8   0.48
04198000   8   0.53
04201500   8   0.47
04212000   4   0.65
04221000   4   0.47
04221500   4   0.47
04223000   4   0.58
05053000   6   0.24
05244000   1   0.48
05280000   6   0.40
05320500   9   0.34
05383000   1   0.36
05408000   4   0.41
05410490   4   0.40
05410500   4   0.40
05412500   6   0.42
05418500   6   0.35
05422000   6   0.60
05430500   8   0.25
05435500   8   0.36
05440000   8   0.32
05447500   4   0.28
05451500   6   0.57
05452000   8   0.81
05454500   8   0.51
05455500   8   0.95
05457700   6   0.57
05458500   6   0.64
05462000   6   0.63
05471500   6   0.46
05472500   8   0.88
05476500   6   0.63
05479000   6   0.67
05481000   6   0.62
05482500   6   0.70
05484500   6   0.58
05502040   4   0.55
05507500   9   0.34
05508000   8   0.34
05514500   8   0.42
05515500   1   0.35
05517000   6   0.39
05517500   1   0.32
05518000   1   0.34
05520500   1   0.35
05526000   8   0.29
05542000   8   0.52
05546500   8   0.24
05552500   8   0.32
05554500   8   0.52
05555300   8   0.55
05555500   8   0.55
05569500   8   0.55
05570000   8   0.56
05582000   8   0.44
05584500   8   0.61
05585000   8   0.67
05592500   8   0.49
05593000   8   0.49
05594000   8   0.59
06191500   3   0.52
06192500   3   0.41
06225500  16   0.50
06334500  12   0.30
06340500  16   0.27
06359500  16   0.47
06426500  15   0.37
06441500  16   0.51
06446000  16   0.54
06454500   3   0.47
06480000   4   0.22
06600500   8   0.56
06606600   6   0.37
06607200   4   0.58
06609500   4   0.60
06799500   4   0.77
06808500   8   0.54
06810000   8   0.71
06811500   8   0.30
06813000   8   0.94
06815000   9   0.32
06817000   8   0.99
06817500   8   0.99
06820500   8   0.84
06847000   4   0.88
06860000   4   0.77
06868000   4   0.60
06869500   4   0.48
06883000   4   0.60
06884400   8   0.45
06884500   8   0.45
06885500  12   0.62
06888500  11   0.40
06890500   9   0.38
06892000   9   0.36
06894000   8   0.60
06897500   9   0.71
06898000   8   0.55
06899500   9   0.52
06908000   8   0.51
06913500  11   0.43
06914000  11   0.51
06928000   8   0.61
06933500   8   0.50
07019000   8   0.37
07029500   9   0.27
07049000  11   0.35
07052500   8   0.54
07056000  11   0.33
07057500   4   0.35
07058000   4   0.35
07067000   8   0.50
07068000   8   0.48
07069500  12   0.76
07072000  12   0.50
07074000  12   0.44
07144200  11   0.43
07144780   1   0.47
07147070  11   0.69
07147800  11   0.44
07152000  11   0.23
07163000   9   0.39
07172000  15   0.41
07177500  15   0.34
07183000  11   0.53
07186000   4   0.21
07196500   4   0.33
07197000   4   0.30
07211500  12   0.22
07221000   9   0.27
07222500  15   0.34
07243500   3   0.37
07252000  11   0.38
07261000  15   0.40
07288500   8   0.36
07289500   9   0.27
07290000   4   0.53
07307800  12   0.38
07340000  15   0.34
07346000   7   0.35
07346050   7   0.49
07346070   7   0.52
07348000   7   0.27
07363500   4   0.33
07375500   4   0.41
07378000   4   0.64
07378500   4   0.56
08013500   4   0.54
08015500   4   0.63
08032000   1   0.32
08033500   3   0.29
08055500  12   0.52
08085500  12   0.44
08095000  15   0.28
08103800   6   0.35
08146000  15   0.37
08150000  15   0.44
08150700  15   0.42
08167500  15   0.42
08171000   9   0.34
08171300  15   0.35
08172000  12   0.37
08189500   7   0.81
08205500   9   0.28
08340500  16   0.30
09127998   9   0.22
09132500   9   0.39
09251000   3   0.36
09292500   3   0.41
09299500   3   0.41
09430500  15   0.34
09431500  15   0.31
09442692   9   0.37
09444500   9   0.24
09497500  15   0.25
010296000   3   0.47
010296500   3   0.42
010301500  15   0.35
010309000  15   0.38
010312000  15   0.37
011025500  15   0.43
011080500  15   0.67
011138500  15   0.66
011160000   3   0.45
011210500   3   0.29
011213500  16   0.54
011222000  16   0.37
011224500  15   0.58
011281000   3   0.31
011342000  15   0.41
011355500   3   0.42
011401500   6   0.41
011403000   6   0.33
011413000  15   0.38
011427000  15   0.33
011497500   1   0.21
011501000   1   0.30
011530000  15   0.44
011532500   9   0.43
012027500   4   0.37
012098500  16   0.29
012134500  16   0.57
012144500  16   0.39
012149000  16   0.37
012340000   6   0.32
012358500  16   0.47
012413000   3   0.47
012413500   3   0.37
012449500   6   0.62
012449950   6   0.53
012459000   3   0.58
012462500   3   0.55
013186000   3   0.36
013200000   2   0.69
013298500  16   0.33
013302500   6   0.25
013336500   6   0.41
013337000   3   0.37
013340500   3   0.38
013340600   4   0.33
013351000   4   0.73
014080500  15   0.41
014101500   6   0.41
014113000   6   0.37
014232500   3   0.43
014233400   3   0.33
014308000   6   0.52
014321000   6   0.37
014359000  15   0.31
